-33.10395431518555 -46.72712707519531 0.034791603684425354 0.0 -0.0 0.0
33.89033508300781 -41.21124267578125 0.034791603684425354 0.0 -0.0 0.0
-26.203479766845703 -45.05665588378906 0.034791603684425354 0.0 -0.0 0.0
-26.943485260009766 -45.0045166015625 0.034791603684425354 0.0 -0.0 0.0
-31.946876525878906 -45.473724365234375 0.034791603684425354 0.0 -0.0 0.0
-33.10395431518555 -45.473724365234375 0.034791603684425354 0.0 -0.0 0.0
28.596420288085938 -43.751129150390625 0.034791603684425354 0.0 -0.0 0.0
-26.20348358154297 -43.803253173828125 0.034791603684425354 0.0 -0.0 0.0
-27.360557556152344 -43.803253173828125 0.034791603684425354 0.0 -0.0 0.0
-31.946876525878906 -44.2203369140625 0.034791603684425354 0.0 -0.0 0.0
-33.10395050048828 -44.2203369140625 0.034791603684425354 0.0 -0.0 0.0
33.21070098876953 -42.047271728515625 0.034791603684425354 0.0 -0.0 0.0
28.596420288085938 -42.49772644042969 0.034791603684425354 0.0 -0.0 0.0
-26.20348358154297 -42.54985046386719 0.034791603684425354 0.0 -0.0 0.0
-27.360557556152344 -42.54985046386719 0.034791603684425354 0.0 -0.0 0.0
-31.946876525878906 -42.9669189453125 0.034791603684425354 0.0 -0.0 0.0
-33.10395050048828 -42.96693420410156 0.034791603684425354 0.0 -0.0 0.0
34.89424133300781 -43.046051025390625 0.034791603684425354 0.0 -0.0 0.0
33.73715591430664 -43.046051025390625 0.034791603684425354 0.0 -0.0 0.0
28.596420288085938 -41.244293212890625 0.034791603684425354 0.0 -0.0 0.0
-26.203479766845703 -41.296417236328125 0.034791603684425354 0.0 -0.0 0.0
-31.946876525878906 -41.7135009765625 0.034791603684425354 0.0 -0.0 0.0
-33.103946685791016 -41.7135009765625 0.034791603684425354 0.0 -0.0 0.0
34.83293151855469 -39.99089050292969 0.034791603684425354 0.0 -0.0 0.0
33.675846099853516 -39.99089050292969 0.034791603684425354 0.0 -0.0 0.0
28.596420288085938 -39.99090576171875 0.034791603684425354 0.0 -0.0 0.0
-26.20348358154297 -40.04302978515625 0.034791603684425354 0.0 -0.0 0.0
-31.946876525878906 -40.460113525390625 0.034791603684425354 0.0 -0.0 0.0
-33.103946685791016 -40.460113525390625 0.034791603684425354 0.0 -0.0 0.0
34.83293151855469 -38.73748779296875 0.034791603684425354 0.0 -0.0 0.0
33.675846099853516 -38.73748779296875 0.034791603684425354 0.0 -0.0 0.0
28.596420288085938 -38.73748779296875 0.034791603684425354 0.0 -0.0 0.0
-26.20348358154297 -38.78962707519531 0.034791603684425354 0.0 -0.0 0.0
-31.946876525878906 -39.206695556640625 0.034791603684425354 0.0 -0.0 0.0
-33.103946685791016 -39.206695556640625 0.034791603684425354 0.0 -0.0 0.0
34.83293151855469 -37.484100341796875 0.034791603684425354 0.0 -0.0 0.0
33.675846099853516 -37.484100341796875 0.034791603684425354 0.0 -0.0 0.0
28.596424102783203 -37.48408508300781 0.034791603684425354 0.0 -0.0 0.0
-26.203487396240234 -37.536224365234375 0.034791603684425354 0.0 -0.0 0.0
-31.946876525878906 -37.95329284667969 0.034791603684425354 0.0 -0.0 0.0
-33.10395050048828 -37.95330810546875 0.034791603684425354 0.0 -0.0 0.0
35.61494064331055 -36.23066711425781 0.034791603684425354 0.0 -0.0 0.0
34.457855224609375 -36.23066711425781 0.034791603684425354 0.0 -0.0 0.0
33.30078125 -36.23066711425781 0.034791603684425354 0.0 -0.0 0.0
28.596424102783203 -36.23065185546875 0.034791603684425354 0.0 -0.0 0.0
-26.203479766845703 -36.28279113769531 0.034791603684425354 0.0 -0.0 0.0
-31.946876525878906 -36.69987487792969 0.034791603684425354 0.0 -0.0 0.0
-33.10395050048828 -36.69987487792969 0.034791603684425354 0.0 -0.0 0.0
35.61494445800781 -34.977264404296875 0.034791603684425354 0.0 -0.0 0.0
34.45785903930664 -34.977264404296875 0.034791603684425354 0.0 -0.0 0.0
33.300785064697266 -34.97724914550781 0.034791603684425354 0.0 -0.0 0.0
28.596420288085938 -34.977264404296875 0.034791603684425354 0.0 -0.0 0.0
27.439342498779297 -34.977264404296875 0.034791603684425354 0.0 -0.0 0.0
-26.20348358154297 -35.029388427734375 0.034791603684425354 0.0 -0.0 0.0
-31.946876525878906 -35.44647216796875 0.034791603684425354 0.0 -0.0 0.0
-33.10395431518555 -35.44647216796875 0.034791603684425354 0.0 -0.0 0.0
35.61494445800781 -33.72386169433594 0.034791603684425354 0.0 -0.0 0.0
34.45785903930664 -33.72386169433594 0.034791603684425354 0.0 -0.0 0.0
33.300785064697266 -33.72386169433594 0.034791603684425354 0.0 -0.0 0.0
28.596420288085938 -33.72386169433594 0.034791603684425354 0.0 -0.0 0.0
27.439342498779297 -33.72386169433594 0.034791603684425354 0.0 -0.0 0.0
-25.046382904052734 -33.7760009765625 0.034791603684425354 0.0 -0.0 0.0
-26.20348358154297 -33.7760009765625 0.034791603684425354 0.0 -0.0 0.0
-31.946876525878906 -34.19306945800781 0.034791603684425354 0.0 -0.0 0.0
-33.10395431518555 -34.19306945800781 0.034791603684425354 0.0 -0.0 0.0
35.61494445800781 -32.470458984375 0.034791603684425354 0.0 -0.0 0.0
34.45785903930664 -32.470458984375 0.034791603684425354 0.0 -0.0 0.0
33.300785064697266 -32.470458984375 0.034791603684425354 0.0 -0.0 0.0
28.596420288085938 -32.470458984375 0.034791603684425354 0.0 -0.0 0.0
27.439342498779297 -32.470458984375 0.034791603684425354 0.0 -0.0 0.0
-25.046382904052734 -32.5225830078125 0.034791603684425354 0.0 -0.0 0.0
-26.203479766845703 -32.5225830078125 0.034791603684425354 0.0 -0.0 0.0
-31.946884155273438 -32.939666748046875 0.034791603684425354 0.0 -0.0 0.0
-33.10395431518555 -32.939666748046875 0.034791603684425354 0.0 -0.0 0.0
35.61494445800781 -31.217041015625 0.034791603684425354 0.0 -0.0 0.0
34.457855224609375 -31.217041015625 0.034791603684425354 0.0 -0.0 0.0
33.30078125 -31.217041015625 0.034791603684425354 0.0 -0.0 0.0
28.596420288085938 -31.217041015625 0.034791603684425354 0.0 -0.0 0.0
27.439346313476562 -31.217041015625 0.034791603684425354 0.0 -0.0 0.0
-25.046382904052734 -31.2691650390625 0.034791603684425354 0.0 -0.0 0.0
-26.203487396240234 -31.2691650390625 0.034791603684425354 0.0 -0.0 0.0
-31.946884155273438 -31.686248779296875 0.034791603684425354 0.0 -0.0 0.0
-33.103946685791016 -31.686248779296875 0.034791603684425354 0.0 -0.0 0.0
35.61494445800781 -29.963638305664062 0.034791603684425354 0.0 -0.0 0.0
34.457855224609375 -29.963638305664062 0.034791603684425354 0.0 -0.0 0.0
33.30078125 -29.963638305664062 0.034791603684425354 0.0 -0.0 0.0
28.596420288085938 -29.963638305664062 0.034791603684425354 0.0 -0.0 0.0
27.439346313476562 -29.963638305664062 0.034791603684425354 0.0 -0.0 0.0
-25.046382904052734 -30.015777587890625 0.034791603684425354 0.0 -0.0 0.0
-26.203487396240234 -30.015762329101562 0.034791603684425354 0.0 -0.0 0.0
-31.946876525878906 -30.432846069335938 0.034791603684425354 0.0 -0.0 0.0
-33.103946685791016 -30.432846069335938 0.034791603684425354 0.0 -0.0 0.0
35.61494827270508 -28.710235595703125 0.034791603684425354 0.0 -0.0 0.0
34.457862854003906 -28.710235595703125 0.034791603684425354 0.0 -0.0 0.0
33.300785064697266 -28.710235595703125 0.034791603684425354 0.0 -0.0 0.0
28.596420288085938 -28.710235595703125 0.034791603684425354 0.0 -0.0 0.0
27.439346313476562 -27.959495544433594 0.034791603684425354 0.0 -0.0 0.0
-25.04638671875 -28.011627197265625 0.034791603684425354 0.0 -0.0 0.0
-26.20348358154297 -28.011634826660156 0.034791603684425354 0.0 -0.0 0.0
-31.946876525878906 -29.179443359375 0.034791603684425354 0.0 -0.0 0.0
-33.10395812988281 -29.179443359375 0.034791603684425354 0.0 -0.0 0.0
35.61494827270508 -27.456817626953125 0.034791603684425354 0.0 -0.0 0.0
34.457862854003906 -27.456817626953125 0.034791603684425354 0.0 -0.0 0.0
33.300785064697266 -27.456832885742188 0.034791603684425354 0.0 -0.0 0.0
28.596420288085938 -27.456832885742188 0.034791603684425354 0.0 -0.0 0.0
27.439346313476562 -26.70610809326172 0.034791603684425354 0.0 -0.0 0.0
26.28226089477539 -26.706100463867188 0.034791603684425354 0.0 -0.0 0.0
25.12518310546875 -26.706092834472656 0.034791603684425354 0.0 -0.0 0.0
23.968097686767578 -26.706100463867188 0.034791603684425354 0.0 -0.0 0.0
22.811023712158203 -26.706092834472656 0.034791603684425354 0.0 -0.0 0.0
21.653934478759766 -26.706100463867188 0.034791603684425354 0.0 -0.0 0.0
20.49686050415039 -26.706092834472656 0.034791603684425354 0.0 -0.0 0.0
19.33977508544922 -26.706100463867188 0.034791603684425354 0.0 -0.0 0.0
18.182697296142578 -26.706092834472656 0.034791603684425354 0.0 -0.0 0.0
17.02560806274414 -26.706092834472656 0.034791603684425354 0.0 -0.0 0.0
15.86853313446045 -26.706092834472656 0.034791603684425354 0.0 -0.0 0.0
14.711447715759277 -26.706100463867188 0.034791603684425354 0.0 -0.0 0.0
13.554369926452637 -26.70610809326172 0.034791603684425354 0.0 -0.0 0.0
12.397284507751465 -26.706092834472656 0.034791603684425354 0.0 -0.0 0.0
11.240198135375977 -26.706100463867188 0.034791603684425354 0.0 -0.0 0.0
10.083122253417969 -26.70610809326172 0.034791603684425354 0.0 -0.0 0.0
8.926034927368164 -26.70610809326172 0.034791603684425354 0.0 -0.0 0.0
7.768959045410156 -26.706092834472656 0.034791603684425354 0.0 -0.0 0.0
6.611873626708984 -26.706092834472656 0.034791603684425354 0.0 -0.0 0.0
5.454797744750977 -26.706100463867188 0.034791603684425354 0.0 -0.0 0.0
4.297710418701172 -26.706100463867188 0.034791603684425354 0.0 -0.0 0.0
3.1406350135803223 -26.706085205078125 0.034791603684425354 0.0 -0.0 0.0
1.9835472106933594 -26.706092834472656 0.034791603684425354 0.0 -0.0 0.0
0.8264737129211426 -26.706100463867188 0.034791603684425354 0.0 -0.0 0.0
-0.3306126594543457 -26.70610809326172 0.034791603684425354 0.0 -0.0 0.0
-1.4876885414123535 -26.70610809326172 0.034791603684425354 0.0 -0.0 0.0
-2.6447653770446777 -26.70610809326172 0.034791603684425354 0.0 -0.0 0.0
-3.801865577697754 -26.706100463867188 0.034791603684425354 0.0 -0.0 0.0
-4.958941459655762 -26.706100463867188 0.034791603684425354 0.0 -0.0 0.0
-6.116015434265137 -26.70610809326172 0.034791603684425354 0.0 -0.0 0.0
-7.273089408874512 -26.706100463867188 0.034791603684425354 0.0 -0.0 0.0
-8.430190086364746 -26.706085205078125 0.034791603684425354 0.0 -0.0 0.0
-9.587262153625488 -26.706100463867188 0.034791603684425354 0.0 -0.0 0.0
-10.744341850280762 -26.706085205078125 0.034791603684425354 0.0 -0.0 0.0
-11.901415824890137 -26.706100463867188 0.034791603684425354 0.0 -0.0 0.0
-13.058514595031738 -26.706092834472656 0.034791603684425354 0.0 -0.0 0.0
-14.215588569641113 -26.706100463867188 0.034791603684425354 0.0 -0.0 0.0
-15.372662544250488 -26.70610809326172 0.034791603684425354 0.0 -0.0 0.0
-16.52975845336914 -26.70610809326172 0.034791603684425354 0.0 -0.0 0.0
-17.68683624267578 -26.70610809326172 0.034791603684425354 0.0 -0.0 0.0
-18.843914031982422 -26.70610809326172 0.034791603684425354 0.0 -0.0 0.0
-20.000988006591797 -26.706092834472656 0.034791603684425354 0.0 -0.0 0.0
-21.15808868408203 -26.706092834472656 0.034791603684425354 0.0 -0.0 0.0
-22.315166473388672 -26.706092834472656 0.034791603684425354 0.0 -0.0 0.0
-23.889305114746094 -26.75823211669922 0.034791603684425354 0.0 -0.0 0.0
-25.04638671875 -26.758224487304688 0.034791603684425354 0.0 -0.0 0.0
-26.20348358154297 -26.75823211669922 0.034791603684425354 0.0 -0.0 0.0
-31.946880340576172 -27.92603302001953 0.034791603684425354 0.0 -0.0 0.0
-33.10395812988281 -27.92603302001953 0.034791603684425354 0.0 -0.0 0.0
35.61494064331055 -26.203407287597656 0.034791603684425354 0.0 -0.0 0.0
34.457862854003906 -26.203399658203125 0.034791603684425354 0.0 -0.0 0.0
33.300785064697266 -26.203407287597656 0.034791603684425354 0.0 -0.0 0.0
28.596420288085938 -26.203399658203125 0.034791603684425354 0.0 -0.0 0.0
27.439346313476562 -25.452674865722656 0.034791603684425354 0.0 -0.0 0.0
26.28226089477539 -25.452674865722656 0.034791603684425354 0.0 -0.0 0.0
25.125186920166016 -25.452667236328125 0.034791603684425354 0.0 -0.0 0.0
23.968097686767578 -25.452674865722656 0.034791603684425354 0.0 -0.0 0.0
22.811023712158203 -25.452667236328125 0.034791603684425354 0.0 -0.0 0.0
21.653934478759766 -25.452674865722656 0.034791603684425354 0.0 -0.0 0.0
20.49686050415039 -25.452674865722656 0.034791603684425354 0.0 -0.0 0.0
19.33977508544922 -25.452674865722656 0.034791603684425354 0.0 -0.0 0.0
18.182697296142578 -25.452667236328125 0.034791603684425354 0.0 -0.0 0.0
17.02560806274414 -25.452674865722656 0.034791603684425354 0.0 -0.0 0.0
15.86853313446045 -25.452667236328125 0.034791603684425354 0.0 -0.0 0.0
14.711447715759277 -25.452667236328125 0.034791603684425354 0.0 -0.0 0.0
13.554369926452637 -25.452682495117188 0.034791603684425354 0.0 -0.0 0.0
12.397284507751465 -25.452674865722656 0.034791603684425354 0.0 -0.0 0.0
11.240198135375977 -25.452674865722656 0.034791603684425354 0.0 -0.0 0.0
10.083122253417969 -25.452667236328125 0.034791603684425354 0.0 -0.0 0.0
8.926034927368164 -25.452674865722656 0.034791603684425354 0.0 -0.0 0.0
7.768959045410156 -25.452682495117188 0.034791603684425354 0.0 -0.0 0.0
6.611873626708984 -25.452659606933594 0.034791603684425354 0.0 -0.0 0.0
5.454797744750977 -25.452682495117188 0.034791603684425354 0.0 -0.0 0.0
4.297710418701172 -25.45269012451172 0.034791603684425354 0.0 -0.0 0.0
3.1406350135803223 -25.452667236328125 0.034791603684425354 0.0 -0.0 0.0
1.9835472106933594 -25.452667236328125 0.034791603684425354 0.0 -0.0 0.0
0.8264727592468262 -25.452682495117188 0.034791603684425354 0.0 -0.0 0.0
-0.3306126594543457 -25.45269012451172 0.034791603684425354 0.0 -0.0 0.0
-1.4876885414123535 -25.452682495117188 0.034791603684425354 0.0 -0.0 0.0
-2.6447653770446777 -25.452682495117188 0.034791603684425354 0.0 -0.0 0.0
-3.801865577697754 -25.452674865722656 0.034791603684425354 0.0 -0.0 0.0
-4.958941459655762 -25.452674865722656 0.034791603684425354 0.0 -0.0 0.0
-6.116013526916504 -25.452674865722656 0.034791603684425354 0.0 -0.0 0.0
-7.273089408874512 -25.452682495117188 0.034791603684425354 0.0 -0.0 0.0
-8.430190086364746 -25.452659606933594 0.034791603684425354 0.0 -0.0 0.0
-9.587262153625488 -25.452674865722656 0.034791603684425354 0.0 -0.0 0.0
-10.744339942932129 -25.452659606933594 0.034791603684425354 0.0 -0.0 0.0
-11.901413917541504 -25.452674865722656 0.034791603684425354 0.0 -0.0 0.0
-13.058514595031738 -25.452659606933594 0.034791603684425354 0.0 -0.0 0.0
-14.215588569641113 -25.452674865722656 0.034791603684425354 0.0 -0.0 0.0
-15.372662544250488 -25.452682495117188 0.034791603684425354 0.0 -0.0 0.0
-16.52975845336914 -25.452682495117188 0.034791603684425354 0.0 -0.0 0.0
-17.68683624267578 -25.452674865722656 0.034791603684425354 0.0 -0.0 0.0
-18.843914031982422 -25.452674865722656 0.034791603684425354 0.0 -0.0 0.0
-20.000988006591797 -25.452667236328125 0.034791603684425354 0.0 -0.0 0.0
-21.158084869384766 -25.452667236328125 0.034791603684425354 0.0 -0.0 0.0
-22.315166473388672 -25.452667236328125 0.034791603684425354 0.0 -0.0 0.0
-23.472232818603516 -25.452674865722656 0.034791603684425354 0.0 -0.0 0.0
-24.629314422607422 -25.452674865722656 0.034791603684425354 0.0 -0.0 0.0
-25.78641128540039 -25.452667236328125 0.034791603684425354 0.0 -0.0 0.0
-31.946876525878906 -26.67261505126953 0.034791603684425354 0.0 -0.0 0.0
-33.10395431518555 -26.67261505126953 0.034791603684425354 0.0 -0.0 0.0
35.61494445800781 -24.949996948242188 0.034791603684425354 0.0 -0.0 0.0
34.457862854003906 -24.949996948242188 0.034791603684425354 0.0 -0.0 0.0
33.30078125 -24.95001220703125 0.034791603684425354 0.0 -0.0 0.0
17.807621002197266 -24.929153442382812 0.034791603684425354 0.0 -0.0 0.0
32.330909729003906 -19.99517822265625 0.034791603684425354 0.0 -0.0 0.0
31.17382049560547 -19.99518585205078 0.034791603684425354 0.0 -0.0 0.0
3.1406350135803223 -24.95000457763672 0.034791603684425354 0.0 -0.0 0.0
1.9835472106933594 -24.95001220703125 0.034791603684425354 0.0 -0.0 0.0
0.8264737129211426 -24.949996948242188 0.034791603684425354 0.0 -0.0 0.0
-16.52975845336914 -24.95001220703125 0.034791603684425354 0.0 -0.0 0.0
-10.404767036437988 -19.92010498046875 0.034791603684425354 0.0 -0.0 0.0
-11.56183910369873 -19.92010498046875 0.034791603684425354 0.0 -0.0 0.0
-12.718907356262207 -19.920120239257812 0.034791603684425354 0.0 -0.0 0.0
-13.876008033752441 -19.920120239257812 0.034791603684425354 0.0 -0.0 0.0
-15.033085823059082 -19.92010498046875 0.034791603684425354 0.0 -0.0 0.0
-31.946876525878906 -25.419212341308594 0.034791603684425354 0.0 -0.0 0.0
-33.10395431518555 -25.419212341308594 0.034791603684425354 0.0 -0.0 0.0
35.61494445800781 -23.69659423828125 0.034791603684425354 0.0 -0.0 0.0
34.457862854003906 -23.69660186767578 0.034791603684425354 0.0 -0.0 0.0
33.30078125 -23.69660186767578 0.034791603684425354 0.0 -0.0 0.0
-31.946876525878906 -24.165809631347656 0.034791603684425354 0.0 -0.0 0.0
-33.10395431518555 -24.165809631347656 0.034791603684425354 0.0 -0.0 0.0
35.61494827270508 -22.443206787109375 0.034791603684425354 0.0 -0.0 0.0
34.45785903930664 -22.443206787109375 0.034791603684425354 0.0 -0.0 0.0
33.300785064697266 -22.443206787109375 0.034791603684425354 0.0 -0.0 0.0
-31.946880340576172 -22.91241455078125 0.034791603684425354 0.0 -0.0 0.0
-33.10395431518555 -22.91240692138672 0.034791603684425354 0.0 -0.0 0.0
35.61494445800781 -21.189781188964844 0.034791603684425354 0.0 -0.0 0.0
34.45785903930664 -21.189781188964844 0.034791603684425354 0.0 -0.0 0.0
33.300785064697266 -21.189781188964844 0.034791603684425354 0.0 -0.0 0.0
-31.946880340576172 -21.65898895263672 0.034791603684425354 0.0 -0.0 0.0
-33.10395431518555 -21.65898895263672 0.034791603684425354 0.0 -0.0 0.0
36.69599533081055 -19.936378479003906 0.034791603684425354 0.0 -0.0 0.0
35.538909912109375 -19.936378479003906 0.034791603684425354 0.0 -0.0 0.0
34.3818359375 -19.936378479003906 0.034791603684425354 0.0 -0.0 0.0
29.753509521484375 -19.936370849609375 0.034791603684425354 0.0 -0.0 0.0
28.596424102783203 -19.936370849609375 0.034791603684425354 0.0 -0.0 0.0
27.439346313476562 -19.936378479003906 0.034791603684425354 0.0 -0.0 0.0
26.282257080078125 -19.936386108398438 0.034791603684425354 0.0 -0.0 0.0
25.12518310546875 -19.936370849609375 0.034791603684425354 0.0 -0.0 0.0
23.968093872070312 -19.936386108398438 0.034791603684425354 0.0 -0.0 0.0
22.811019897460938 -19.936378479003906 0.034791603684425354 0.0 -0.0 0.0
-16.529762268066406 -19.936378479003906 0.034791603684425354 0.0 -0.0 0.0
-17.68683624267578 -19.936386108398438 0.034791603684425354 0.0 -0.0 0.0
-18.843910217285156 -19.936386108398438 0.034791603684425354 0.0 -0.0 0.0
-20.000988006591797 -19.936378479003906 0.034791603684425354 0.0 -0.0 0.0
-21.158084869384766 -19.936370849609375 0.034791603684425354 0.0 -0.0 0.0
-22.315162658691406 -19.936370849609375 0.034791603684425354 0.0 -0.0 0.0
-23.472240447998047 -19.936378479003906 0.034791603684425354 0.0 -0.0 0.0
-24.629314422607422 -19.936378479003906 0.034791603684425354 0.0 -0.0 0.0
-25.786415100097656 -19.936378479003906 0.034791603684425354 0.0 -0.0 0.0
-26.943485260009766 -19.936378479003906 0.034791603684425354 0.0 -0.0 0.0
-31.946880340576172 -20.405593872070312 0.034791603684425354 0.0 -0.0 0.0
-33.10395431518555 -20.40557861328125 0.034791603684425354 0.0 -0.0 0.0
36.69599533081055 -18.682968139648438 0.034791603684425354 0.0 -0.0 0.0
35.53890609741211 -18.682968139648438 0.034791603684425354 0.0 -0.0 0.0
34.381832122802734 -18.6829833984375 0.034791603684425354 0.0 -0.0 0.0
33.2247428894043 -18.6829833984375 0.034791603684425354 0.0 -0.0 0.0
32.06767272949219 -18.682960510253906 0.034791603684425354 0.0 -0.0 0.0
30.910587310791016 -18.6829833984375 0.034791603684425354 0.0 -0.0 0.0
29.75351333618164 -18.6829833984375 0.034791603684425354 0.0 -0.0 0.0
28.596424102783203 -18.68297576904297 0.034791603684425354 0.0 -0.0 0.0
27.439346313476562 -18.68297576904297 0.034791603684425354 0.0 -0.0 0.0
26.282257080078125 -18.6829833984375 0.034791603684425354 0.0 -0.0 0.0
25.125186920166016 -18.682960510253906 0.034791603684425354 0.0 -0.0 0.0
23.968101501464844 -18.68297576904297 0.034791603684425354 0.0 -0.0 0.0
22.811023712158203 -18.68297576904297 0.034791603684425354 0.0 -0.0 0.0
21.653934478759766 -18.68297576904297 0.034791603684425354 0.0 -0.0 0.0
20.49686050415039 -20.109359741210938 0.034791603684425354 0.0 -0.0 0.0
19.339771270751953 -20.10936737060547 0.034791603684425354 0.0 -0.0 0.0
18.182697296142578 -20.109352111816406 0.034791603684425354 0.0 -0.0 0.0
17.025611877441406 -20.109352111816406 0.034791603684425354 0.0 -0.0 0.0
15.868535041809082 -20.109359741210938 0.034791603684425354 0.0 -0.0 0.0
14.711447715759277 -20.109352111816406 0.034791603684425354 0.0 -0.0 0.0
13.55437183380127 -20.109359741210938 0.034791603684425354 0.0 -0.0 0.0
12.397284507751465 -20.10936737060547 0.034791603684425354 0.0 -0.0 0.0
11.240198135375977 -20.109352111816406 0.034791603684425354 0.0 -0.0 0.0
10.083122253417969 -20.109359741210938 0.034791603684425354 0.0 -0.0 0.0
8.926034927368164 -20.10936737060547 0.034791603684425354 0.0 -0.0 0.0
7.768959999084473 -20.109352111816406 0.034791603684425354 0.0 -0.0 0.0
6.611873626708984 -20.109375 0.034791603684425354 0.0 -0.0 0.0
5.454797744750977 -20.109359741210938 0.034791603684425354 0.0 -0.0 0.0
4.297710418701172 -20.10936737060547 0.034791603684425354 0.0 -0.0 0.0
-2.6447653770446777 -19.884140014648438 0.034791603684425354 0.0 -0.0 0.0
-3.801863670349121 -19.884140014648438 0.034791603684425354 0.0 -0.0 0.0
-4.958939552307129 -19.884140014648438 0.034791603684425354 0.0 -0.0 0.0
-6.116015434265137 -19.884132385253906 0.034791603684425354 0.0 -0.0 0.0
-7.273089408874512 -19.884124755859375 0.034791603684425354 0.0 -0.0 0.0
-8.43018627166748 -19.88414764404297 0.034791603684425354 0.0 -0.0 0.0
-9.587264060974121 -19.884132385253906 0.034791603684425354 0.0 -0.0 0.0
-10.744339942932129 -18.6829833984375 0.034791603684425354 0.0 -0.0 0.0
-11.90141773223877 -18.68297576904297 0.034791603684425354 0.0 -0.0 0.0
-13.058514595031738 -18.68297576904297 0.034791603684425354 0.0 -0.0 0.0
-14.215588569641113 -18.68297576904297 0.034791603684425354 0.0 -0.0 0.0
-15.372662544250488 -18.6829833984375 0.034791603684425354 0.0 -0.0 0.0
-16.529762268066406 -18.6829833984375 0.034791603684425354 0.0 -0.0 0.0
-17.686840057373047 -18.6829833984375 0.034791603684425354 0.0 -0.0 0.0
-18.843914031982422 -18.6829833984375 0.034791603684425354 0.0 -0.0 0.0
-20.000988006591797 -18.6829833984375 0.034791603684425354 0.0 -0.0 0.0
-21.158084869384766 -18.68297576904297 0.034791603684425354 0.0 -0.0 0.0
-22.31515884399414 -18.6829833984375 0.034791603684425354 0.0 -0.0 0.0
-23.472240447998047 -18.682968139648438 0.034791603684425354 0.0 -0.0 0.0
-24.629314422607422 -18.682968139648438 0.034791603684425354 0.0 -0.0 0.0
-25.78640365600586 -18.6829833984375 0.034791603684425354 0.0 -0.0 0.0
-26.943485260009766 -18.6829833984375 0.034791603684425354 0.0 -0.0 0.0
-27.996292114257812 -20.090606689453125 0.034791603684425354 0.0 -0.0 0.0
-29.153366088867188 -20.09058380126953 0.034791603684425354 0.0 -0.0 0.0
-30.310466766357422 -20.090591430664062 0.034791603684425354 0.0 -0.0 0.0
-31.467540740966797 -20.090599060058594 0.034791603684425354 0.0 -0.0 0.0
-31.946876525878906 -19.152198791503906 0.034791603684425354 0.0 -0.0 0.0
-33.10395431518555 -19.152183532714844 0.034791603684425354 0.0 -0.0 0.0
19.33977508544922 -18.855926513671875 0.034791603684425354 0.0 -0.0 0.0
18.182697296142578 -18.855926513671875 0.034791603684425354 0.0 -0.0 0.0
17.025611877441406 -18.855926513671875 0.034791603684425354 0.0 -0.0 0.0
15.868535041809082 -18.855934143066406 0.034791603684425354 0.0 -0.0 0.0
14.711447715759277 -18.855926513671875 0.034791603684425354 0.0 -0.0 0.0
13.55437183380127 -18.855934143066406 0.034791603684425354 0.0 -0.0 0.0
12.397284507751465 -18.855941772460938 0.034791603684425354 0.0 -0.0 0.0
11.240198135375977 -18.855941772460938 0.034791603684425354 0.0 -0.0 0.0
10.083122253417969 -18.855941772460938 0.034791603684425354 0.0 -0.0 0.0
8.926034927368164 -18.855934143066406 0.034791603684425354 0.0 -0.0 0.0
7.768959999084473 -18.855926513671875 0.034791603684425354 0.0 -0.0 0.0
6.611873626708984 -18.855941772460938 0.034791603684425354 0.0 -0.0 0.0
5.454797744750977 -18.855941772460938 0.034791603684425354 0.0 -0.0 0.0
4.297710418701172 -18.855934143066406 0.034791603684425354 0.0 -0.0 0.0
3.1406350135803223 -18.855926513671875 0.034791603684425354 0.0 -0.0 0.0
-2.6447653770446777 -18.630722045898438 0.034791603684425354 0.0 -0.0 0.0
-3.801863670349121 -18.630706787109375 0.034791603684425354 0.0 -0.0 0.0
-4.958939552307129 -18.630714416503906 0.034791603684425354 0.0 -0.0 0.0
-6.116015434265137 -18.630706787109375 0.034791603684425354 0.0 -0.0 0.0
-7.273089408874512 -18.630714416503906 0.034791603684425354 0.0 -0.0 0.0
-8.43018627166748 -18.630722045898438 0.034791603684425354 0.0 -0.0 0.0
-9.587264060974121 -18.630714416503906 0.034791603684425354 0.0 -0.0 0.0
-10.744339942932129 -17.42955780029297 0.034791603684425354 0.0 -0.0 0.0
-11.90141773223877 -17.429542541503906 0.034791603684425354 0.0 -0.0 0.0
-13.058514595031738 -17.429550170898438 0.034791603684425354 0.0 -0.0 0.0
-14.215588569641113 -17.429542541503906 0.034791603684425354 0.0 -0.0 0.0
-15.372662544250488 -17.429550170898438 0.034791603684425354 0.0 -0.0 0.0
-16.529762268066406 -17.429550170898438 0.034791603684425354 0.0 -0.0 0.0
-17.68683624267578 -17.429550170898438 0.034791603684425354 0.0 -0.0 0.0
-18.843914031982422 -17.429550170898438 0.034791603684425354 0.0 -0.0 0.0
-27.996292114257812 -18.837181091308594 0.034791603684425354 0.0 -0.0 0.0
-29.153366088867188 -18.837158203125 0.034791603684425354 0.0 -0.0 0.0
-33.10395431518555 -17.89874267578125 0.034791603684425354 0.0 -0.0 0.0
5.454797744750977 -17.60253143310547 0.034791603684425354 0.0 -0.0 0.0
4.297710418701172 -17.6025390625 0.034791603684425354 0.0 -0.0 0.0
3.1406354904174805 -17.602523803710938 0.034791603684425354 0.0 -0.0 0.0
-2.6447653770446777 -17.377304077148438 0.034791603684425354 0.0 -0.0 0.0
-3.801863670349121 -17.377304077148438 0.034791603684425354 0.0 -0.0 0.0
3.8386425971984863 -15.913291931152344 0.034791603684425354 0.0 -0.0 0.0
2.6815567016601562 -15.913291931152344 0.034791603684425354 0.0 -0.0 0.0
-2.2899794578552246 -16.955963134765625 0.034791603684425354 0.0 -0.0 0.0
3.8386425971984863 -14.659889221191406 0.034791603684425354 0.0 -0.0 0.0
2.6815567016601562 -14.659889221191406 0.034791603684425354 0.0 -0.0 0.0
-2.2899794578552246 -15.702560424804688 0.034791603684425354 0.0 -0.0 0.0
3.838644027709961 -13.406471252441406 0.034791603684425354 0.0 -0.0 0.0
2.6815571784973145 -13.406471252441406 0.034791603684425354 0.0 -0.0 0.0
-2.289977550506592 -14.449150085449219 0.034791603684425354 0.0 -0.0 0.0
-3.4470529556274414 -14.449150085449219 0.034791603684425354 0.0 -0.0 0.0
3.838644027709961 -12.153068542480469 0.034791603684425354 0.0 -0.0 0.0
2.6815571784973145 -12.153068542480469 0.034791603684425354 0.0 -0.0 0.0
-2.289977550506592 -13.19573974609375 0.034791603684425354 0.0 -0.0 0.0
-3.447054862976074 -13.195732116699219 0.034791603684425354 0.0 -0.0 0.0
3.8386435508728027 -10.899658203125 0.034791603684425354 0.0 -0.0 0.0
2.6815576553344727 -10.899673461914062 0.034791603684425354 0.0 -0.0 0.0
-2.6447653770446777 -9.90911865234375 0.034791603684425354 0.0 -0.0 0.0
-2.2899765968322754 -11.942344665527344 0.034791603684425354 0.0 -0.0 0.0
-3.4470529556274414 -11.942344665527344 0.034791603684425354 0.0 -0.0 0.0
3.8386435508728027 -9.646270751953125 0.034791603684425354 0.0 -0.0 0.0
2.6815576553344727 -9.646270751953125 0.034791603684425354 0.0 -0.0 0.0
-2.6447653770446777 -8.655715942382812 0.034791603684425354 0.0 -0.0 0.0
-2.2899765968322754 -10.688941955566406 0.034791603684425354 0.0 -0.0 0.0
-3.4470529556274414 -10.688934326171875 0.034791603684425354 0.0 -0.0 0.0
3.8386435508728027 -8.392837524414062 0.034791603684425354 0.0 -0.0 0.0
2.6815576553344727 -8.392852783203125 0.034791603684425354 0.0 -0.0 0.0
-2.2899765968322754 -9.435523986816406 0.034791603684425354 0.0 -0.0 0.0
-3.4470529556274414 -9.435516357421875 0.034791603684425354 0.0 -0.0 0.0
3.8386435508728027 -7.139442443847656 0.034791603684425354 0.0 -0.0 0.0
2.6815567016601562 -7.139434814453125 0.034791603684425354 0.0 -0.0 0.0
-2.289977550506592 -8.182113647460938 0.034791603684425354 0.0 -0.0 0.0
-3.4470529556274414 -8.182113647460938 0.034791603684425354 0.0 -0.0 0.0
3.8386435508728027 -5.886039733886719 0.034791603684425354 0.0 -0.0 0.0
2.6815571784973145 -5.886039733886719 0.034791603684425354 0.0 -0.0 0.0
-2.289977550506592 -6.9287109375 0.034791603684425354 0.0 -0.0 0.0
3.8386435508728027 -4.63262939453125 0.034791603684425354 0.0 -0.0 0.0
2.681556224822998 -4.632637023925781 0.034791603684425354 0.0 -0.0 0.0
-2.289977550506592 -5.675315856933594 0.034791603684425354 0.0 -0.0 0.0
3.838644027709961 -3.37921142578125 0.034791603684425354 0.0 -0.0 0.0
2.681556224822998 -3.37921142578125 0.034791603684425354 0.0 -0.0 0.0
-2.289977550506592 -4.421897888183594 0.034791603684425354 0.0 -0.0 0.0
3.838644027709961 -2.1258010864257812 0.034791603684425354 0.0 -0.0 0.0
2.681556224822998 -2.1258087158203125 0.034791603684425354 0.0 -0.0 0.0
-2.289977550506592 -3.1684799194335938 0.034791603684425354 0.0 -0.0 0.0
3.838644504547119 -0.8724136352539062 0.034791603684425354 0.0 -0.0 0.0
2.6815552711486816 -0.8723983764648438 0.034791603684425354 0.0 -0.0 0.0
-2.289977550506592 -1.9150848388671875 0.034791603684425354 0.0 -0.0 0.0
3.838644504547119 0.38098907470703125 0.034791603684425354 0.0 -0.0 0.0
2.6815552711486816 0.3809967041015625 0.034791603684425354 0.0 -0.0 0.0
-2.289977550506592 -0.66168212890625 0.034791603684425354 0.0 -0.0 0.0
3.838644027709961 1.6344070434570312 0.034791603684425354 0.0 -0.0 0.0
2.68155574798584 1.6344146728515625 0.034791603684425354 0.0 -0.0 0.0
2.462893009185791 -20.2618408203125 0.034791603684425354 0.0 -0.0 0.0
-2.289977550506592 0.5917510986328125 0.034791603684425354 0.0 -0.0 0.0
3.838644027709961 2.8878326416015625 0.034791603684425354 0.0 -0.0 0.0
2.68155574798584 2.8878326416015625 0.034791603684425354 0.0 -0.0 0.0
2.462893009185791 -19.008453369140625 0.034791603684425354 0.0 -0.0 0.0
-2.2899765968322754 1.8451385498046875 0.034791603684425354 0.0 -0.0 0.0
3.838644027709961 4.1412353515625 0.034791603684425354 0.0 -0.0 0.0
2.6815567016601562 4.1412200927734375 0.034791603684425354 0.0 -0.0 0.0
3.1406350135803223 5.131767272949219 0.034791603684425354 0.0 -0.0 0.0
1.9835481643676758 5.131767272949219 0.034791603684425354 0.0 -0.0 0.0
0.8264727592468262 5.131752014160156 0.034791603684425354 0.0 -0.0 0.0
-0.3306145668029785 5.131767272949219 0.034791603684425354 0.0 -0.0 0.0
-1.4876904487609863 5.131767272949219 0.034791603684425354 0.0 -0.0 0.0
-2.6447672843933105 5.131782531738281 0.034791603684425354 0.0 -0.0 0.0
-2.2899794578552246 3.0985565185546875 0.034791603684425354 0.0 -0.0 0.0
21.30956268310547 -19.936378479003906 0.034791603684425354 0.0 -0.0 0.0
20.152477264404297 -18.68297576904297 0.034791603684425354 0.0 -0.0 0.0
-33.75563049316406 -47.24847412109375 0.034791603684425354 0.0 -0.0 0.0
33.2386589050293 -41.73258972167969 0.034791603684425354 0.0 -0.0 0.0
-26.85515594482422 -45.5780029296875 0.034791603684425354 0.0 -0.0 0.0
-27.59516143798828 -45.52586364746094 0.034791603684425354 0.0 -0.0 0.0
-32.59855270385742 -45.99507141113281 0.034791603684425354 0.0 -0.0 0.0
-33.75563049316406 -45.99507141113281 0.034791603684425354 0.0 -0.0 0.0
-26.855159759521484 -44.32460021972656 0.034791603684425354 0.0 -0.0 0.0
-28.01223373413086 -44.32460021972656 0.034791603684425354 0.0 -0.0 0.0
-32.59855270385742 -44.741668701171875 0.034791603684425354 0.0 -0.0 0.0
-33.7556266784668 -44.741668701171875 0.034791603684425354 0.0 -0.0 0.0
32.559024810791016 -42.56861877441406 0.034791603684425354 0.0 -0.0 0.0
27.944740295410156 -43.019073486328125 0.034791603684425354 0.0 -0.0 0.0
-26.855159759521484 -43.071197509765625 0.034791603684425354 0.0 -0.0 0.0
-28.01223373413086 -43.071197509765625 0.034791603684425354 0.0 -0.0 0.0
-32.59855270385742 -43.48826599121094 0.034791603684425354 0.0 -0.0 0.0
-33.7556266784668 -43.48828125 0.034791603684425354 0.0 -0.0 0.0
34.2425651550293 -43.56739807128906 0.034791603684425354 0.0 -0.0 0.0
33.085479736328125 -43.56739807128906 0.034791603684425354 0.0 -0.0 0.0
27.944740295410156 -41.76564025878906 0.034791603684425354 0.0 -0.0 0.0
-26.85515594482422 -41.81776428222656 0.034791603684425354 0.0 -0.0 0.0
-32.59855270385742 -42.23484802246094 0.034791603684425354 0.0 -0.0 0.0
-33.75562286376953 -42.23484802246094 0.034791603684425354 0.0 -0.0 0.0
34.18125534057617 -40.512237548828125 0.034791603684425354 0.0 -0.0 0.0
33.024169921875 -40.512237548828125 0.034791603684425354 0.0 -0.0 0.0
27.944740295410156 -40.512237548828125 0.034791603684425354 0.0 -0.0 0.0
-26.855159759521484 -40.564361572265625 0.034791603684425354 0.0 -0.0 0.0
-32.59855270385742 -40.9814453125 0.034791603684425354 0.0 -0.0 0.0
-33.75562286376953 -40.9814453125 0.034791603684425354 0.0 -0.0 0.0
34.18125534057617 -39.258819580078125 0.034791603684425354 0.0 -0.0 0.0
33.024169921875 -39.25883483886719 0.034791603684425354 0.0 -0.0 0.0
27.944740295410156 -39.258819580078125 0.034791603684425354 0.0 -0.0 0.0
-26.855159759521484 -39.31097412109375 0.034791603684425354 0.0 -0.0 0.0
-32.59855270385742 -39.72802734375 0.034791603684425354 0.0 -0.0 0.0
-33.75562286376953 -39.72802734375 0.034791603684425354 0.0 -0.0 0.0
34.18125534057617 -38.00543212890625 0.034791603684425354 0.0 -0.0 0.0
33.024169921875 -38.00543212890625 0.034791603684425354 0.0 -0.0 0.0
27.944744110107422 -38.00543212890625 0.034791603684425354 0.0 -0.0 0.0
-26.85516357421875 -38.05755615234375 0.034791603684425354 0.0 -0.0 0.0
-32.59855270385742 -38.474639892578125 0.034791603684425354 0.0 -0.0 0.0
-33.7556266784668 -38.474639892578125 0.034791603684425354 0.0 -0.0 0.0
34.96326446533203 -36.75201416015625 0.034791603684425354 0.0 -0.0 0.0
33.80617904663086 -36.75201416015625 0.034791603684425354 0.0 -0.0 0.0
32.649105072021484 -36.75201416015625 0.034791603684425354 0.0 -0.0 0.0
27.944744110107422 -36.75199890136719 0.034791603684425354 0.0 -0.0 0.0
-26.85515594482422 -36.80413818359375 0.034791603684425354 0.0 -0.0 0.0
-32.59855270385742 -37.221221923828125 0.034791603684425354 0.0 -0.0 0.0
-33.7556266784668 -37.221221923828125 0.034791603684425354 0.0 -0.0 0.0
34.9632682800293 -35.49861145019531 0.034791603684425354 0.0 -0.0 0.0
33.806182861328125 -35.49861145019531 0.034791603684425354 0.0 -0.0 0.0
32.64910888671875 -35.49859619140625 0.034791603684425354 0.0 -0.0 0.0
27.944740295410156 -35.49859619140625 0.034791603684425354 0.0 -0.0 0.0
26.78766632080078 -35.49861145019531 0.034791603684425354 0.0 -0.0 0.0
-26.855159759521484 -35.55073547363281 0.034791603684425354 0.0 -0.0 0.0
-32.59855270385742 -35.967803955078125 0.034791603684425354 0.0 -0.0 0.0
-33.75563049316406 -35.967803955078125 0.034791603684425354 0.0 -0.0 0.0
34.9632682800293 -34.245208740234375 0.034791603684425354 0.0 -0.0 0.0
33.806182861328125 -34.245208740234375 0.034791603684425354 0.0 -0.0 0.0
32.64910888671875 -34.245208740234375 0.034791603684425354 0.0 -0.0 0.0
27.944740295410156 -34.245208740234375 0.034791603684425354 0.0 -0.0 0.0
26.78766632080078 -34.245208740234375 0.034791603684425354 0.0 -0.0 0.0
-25.69805908203125 -34.29734802246094 0.034791603684425354 0.0 -0.0 0.0
-26.855159759521484 -34.297332763671875 0.034791603684425354 0.0 -0.0 0.0
-32.59855270385742 -34.71441650390625 0.034791603684425354 0.0 -0.0 0.0
-33.75563049316406 -34.71441650390625 0.034791603684425354 0.0 -0.0 0.0
34.9632682800293 -32.991790771484375 0.034791603684425354 0.0 -0.0 0.0
33.806182861328125 -32.991790771484375 0.034791603684425354 0.0 -0.0 0.0
32.64910888671875 -32.991790771484375 0.034791603684425354 0.0 -0.0 0.0
27.944740295410156 -32.991790771484375 0.034791603684425354 0.0 -0.0 0.0
26.78766632080078 -32.991790771484375 0.034791603684425354 0.0 -0.0 0.0
-25.69805908203125 -33.04393005371094 0.034791603684425354 0.0 -0.0 0.0
-26.85515594482422 -33.04393005371094 0.034791603684425354 0.0 -0.0 0.0
-32.59856033325195 -33.46099853515625 0.034791603684425354 0.0 -0.0 0.0
-33.75563049316406 -33.46099853515625 0.034791603684425354 0.0 -0.0 0.0
34.9632682800293 -31.738372802734375 0.034791603684425354 0.0 -0.0 0.0
33.80617904663086 -31.738372802734375 0.034791603684425354 0.0 -0.0 0.0
32.649105072021484 -31.738372802734375 0.034791603684425354 0.0 -0.0 0.0
27.944740295410156 -31.738372802734375 0.034791603684425354 0.0 -0.0 0.0
26.787670135498047 -31.738372802734375 0.034791603684425354 0.0 -0.0 0.0
-25.69805908203125 -31.790512084960938 0.034791603684425354 0.0 -0.0 0.0
-26.85516357421875 -31.790496826171875 0.034791603684425354 0.0 -0.0 0.0
-32.59856033325195 -32.20758056640625 0.034791603684425354 0.0 -0.0 0.0
-33.75562286376953 -32.20758056640625 0.034791603684425354 0.0 -0.0 0.0
34.9632682800293 -30.4849853515625 0.034791603684425354 0.0 -0.0 0.0
33.80617904663086 -30.4849853515625 0.034791603684425354 0.0 -0.0 0.0
32.649105072021484 -30.4849853515625 0.034791603684425354 0.0 -0.0 0.0
27.944740295410156 -30.4849853515625 0.034791603684425354 0.0 -0.0 0.0
26.787670135498047 -30.4849853515625 0.034791603684425354 0.0 -0.0 0.0
-25.69805908203125 -30.537109375 0.034791603684425354 0.0 -0.0 0.0
-26.85516357421875 -30.537109375 0.034791603684425354 0.0 -0.0 0.0
-32.59855270385742 -30.954193115234375 0.034791603684425354 0.0 -0.0 0.0
-33.75562286376953 -30.954193115234375 0.034791603684425354 0.0 -0.0 0.0
34.96327209472656 -29.2315673828125 0.034791603684425354 0.0 -0.0 0.0
33.80618667602539 -29.2315673828125 0.034791603684425354 0.0 -0.0 0.0
32.64910888671875 -29.2315673828125 0.034791603684425354 0.0 -0.0 0.0
27.944740295410156 -29.2315673828125 0.034791603684425354 0.0 -0.0 0.0
26.787670135498047 -28.4808349609375 0.034791603684425354 0.0 -0.0 0.0
-25.698062896728516 -28.532958984375 0.034791603684425354 0.0 -0.0 0.0
-26.855159759521484 -28.532974243164062 0.034791603684425354 0.0 -0.0 0.0
-32.59855270385742 -29.700775146484375 0.034791603684425354 0.0 -0.0 0.0
-33.75563430786133 -29.700775146484375 0.034791603684425354 0.0 -0.0 0.0
34.96327209472656 -27.9781494140625 0.034791603684425354 0.0 -0.0 0.0
33.80618667602539 -27.9781494140625 0.034791603684425354 0.0 -0.0 0.0
32.64910888671875 -27.978164672851562 0.034791603684425354 0.0 -0.0 0.0
27.944740295410156 -27.978164672851562 0.034791603684425354 0.0 -0.0 0.0
26.787670135498047 -27.227447509765625 0.034791603684425354 0.0 -0.0 0.0
25.630584716796875 -27.227432250976562 0.034791603684425354 0.0 -0.0 0.0
24.473506927490234 -27.227432250976562 0.034791603684425354 0.0 -0.0 0.0
23.316421508789062 -27.227432250976562 0.034791603684425354 0.0 -0.0 0.0
22.159347534179688 -27.227432250976562 0.034791603684425354 0.0 -0.0 0.0
21.00225830078125 -27.227432250976562 0.034791603684425354 0.0 -0.0 0.0
19.84518051147461 -27.227432250976562 0.034791603684425354 0.0 -0.0 0.0
18.688095092773438 -27.227432250976562 0.034791603684425354 0.0 -0.0 0.0
17.531021118164062 -27.227432250976562 0.034791603684425354 0.0 -0.0 0.0
16.373931884765625 -27.227432250976562 0.034791603684425354 0.0 -0.0 0.0
15.2168550491333 -27.227432250976562 0.034791603684425354 0.0 -0.0 0.0
14.059769630432129 -27.227432250976562 0.034791603684425354 0.0 -0.0 0.0
12.902691841125488 -27.227447509765625 0.034791603684425354 0.0 -0.0 0.0
11.745606422424316 -27.227432250976562 0.034791603684425354 0.0 -0.0 0.0
10.588521957397461 -27.227432250976562 0.034791603684425354 0.0 -0.0 0.0
9.43144416809082 -27.227447509765625 0.034791603684425354 0.0 -0.0 0.0
8.274358749389648 -27.227447509765625 0.034791603684425354 0.0 -0.0 0.0
7.117280960083008 -27.227432250976562 0.034791603684425354 0.0 -0.0 0.0
5.960195541381836 -27.227432250976562 0.034791603684425354 0.0 -0.0 0.0
4.803119659423828 -27.227432250976562 0.034791603684425354 0.0 -0.0 0.0
3.6460323333740234 -27.227432250976562 0.034791603684425354 0.0 -0.0 0.0
2.488957405090332 -27.2274169921875 0.034791603684425354 0.0 -0.0 0.0
1.3318696022033691 -27.227432250976562 0.034791603684425354 0.0 -0.0 0.0
0.17479610443115234 -27.227432250976562 0.034791603684425354 0.0 -0.0 0.0
-0.9822902679443359 -27.227447509765625 0.034791603684425354 0.0 -0.0 0.0
-2.1393661499023438 -27.227447509765625 0.034791603684425354 0.0 -0.0 0.0
-3.296442985534668 -27.227447509765625 0.034791603684425354 0.0 -0.0 0.0
-4.453542709350586 -27.227432250976562 0.034791603684425354 0.0 -0.0 0.0
-5.610618591308594 -27.227432250976562 0.034791603684425354 0.0 -0.0 0.0
-6.767692565917969 -27.227447509765625 0.034791603684425354 0.0 -0.0 0.0
-7.92476749420166 -27.227432250976562 0.034791603684425354 0.0 -0.0 0.0
-9.081868171691895 -27.2274169921875 0.034791603684425354 0.0 -0.0 0.0
-10.238940238952637 -27.227432250976562 0.034791603684425354 0.0 -0.0 0.0
-11.39601993560791 -27.2274169921875 0.034791603684425354 0.0 -0.0 0.0
-12.553093910217285 -27.227432250976562 0.034791603684425354 0.0 -0.0 0.0
-13.710190773010254 -27.227432250976562 0.034791603684425354 0.0 -0.0 0.0
-14.867264747619629 -27.227432250976562 0.034791603684425354 0.0 -0.0 0.0
-16.024337768554688 -27.227447509765625 0.034791603684425354 0.0 -0.0 0.0
-17.181434631347656 -27.227447509765625 0.034791603684425354 0.0 -0.0 0.0
-18.338512420654297 -27.227447509765625 0.034791603684425354 0.0 -0.0 0.0
-19.495590209960938 -27.227447509765625 0.034791603684425354 0.0 -0.0 0.0
-20.652664184570312 -27.227432250976562 0.034791603684425354 0.0 -0.0 0.0
-21.809764862060547 -27.227432250976562 0.034791603684425354 0.0 -0.0 0.0
-22.966842651367188 -27.227432250976562 0.034791603684425354 0.0 -0.0 0.0
-24.54098129272461 -27.279571533203125 0.034791603684425354 0.0 -0.0 0.0
-25.698062896728516 -27.279556274414062 0.034791603684425354 0.0 -0.0 0.0
-26.855159759521484 -27.279571533203125 0.034791603684425354 0.0 -0.0 0.0
-32.59855651855469 -28.447372436523438 0.034791603684425354 0.0 -0.0 0.0
-33.75563430786133 -28.447372436523438 0.034791603684425354 0.0 -0.0 0.0
34.96326446533203 -26.724746704101562 0.034791603684425354 0.0 -0.0 0.0
33.80618667602539 -26.7247314453125 0.034791603684425354 0.0 -0.0 0.0
32.64910888671875 -26.724746704101562 0.034791603684425354 0.0 -0.0 0.0
27.944740295410156 -26.7247314453125 0.034791603684425354 0.0 -0.0 0.0
26.787670135498047 -25.974014282226562 0.034791603684425354 0.0 -0.0 0.0
25.630584716796875 -25.974014282226562 0.034791603684425354 0.0 -0.0 0.0
24.4735107421875 -25.9739990234375 0.034791603684425354 0.0 -0.0 0.0
23.316421508789062 -25.974014282226562 0.034791603684425354 0.0 -0.0 0.0
22.159347534179688 -25.9739990234375 0.034791603684425354 0.0 -0.0 0.0
21.00225830078125 -25.974014282226562 0.034791603684425354 0.0 -0.0 0.0
19.84518051147461 -25.974014282226562 0.034791603684425354 0.0 -0.0 0.0
18.688095092773438 -25.974014282226562 0.034791603684425354 0.0 -0.0 0.0
17.531021118164062 -25.9739990234375 0.034791603684425354 0.0 -0.0 0.0
16.373931884765625 -25.974014282226562 0.034791603684425354 0.0 -0.0 0.0
15.2168550491333 -25.9739990234375 0.034791603684425354 0.0 -0.0 0.0
14.059769630432129 -25.9739990234375 0.034791603684425354 0.0 -0.0 0.0
12.902691841125488 -25.974014282226562 0.034791603684425354 0.0 -0.0 0.0
11.745606422424316 -25.974014282226562 0.034791603684425354 0.0 -0.0 0.0
10.588521957397461 -25.974014282226562 0.034791603684425354 0.0 -0.0 0.0
9.43144416809082 -25.9739990234375 0.034791603684425354 0.0 -0.0 0.0
8.274358749389648 -25.974014282226562 0.034791603684425354 0.0 -0.0 0.0
7.117280960083008 -25.974014282226562 0.034791603684425354 0.0 -0.0 0.0
5.960195541381836 -25.9739990234375 0.034791603684425354 0.0 -0.0 0.0
4.803119659423828 -25.974014282226562 0.034791603684425354 0.0 -0.0 0.0
3.6460323333740234 -25.974029541015625 0.034791603684425354 0.0 -0.0 0.0
2.488957405090332 -25.9739990234375 0.034791603684425354 0.0 -0.0 0.0
1.3318696022033691 -25.9739990234375 0.034791603684425354 0.0 -0.0 0.0
0.17479515075683594 -25.974014282226562 0.034791603684425354 0.0 -0.0 0.0
-0.9822902679443359 -25.974029541015625 0.034791603684425354 0.0 -0.0 0.0
-2.1393661499023438 -25.974014282226562 0.034791603684425354 0.0 -0.0 0.0
-3.296442985534668 -25.974014282226562 0.034791603684425354 0.0 -0.0 0.0
-4.453542709350586 -25.974014282226562 0.034791603684425354 0.0 -0.0 0.0
-5.610618591308594 -25.974014282226562 0.034791603684425354 0.0 -0.0 0.0
-6.767690658569336 -25.974014282226562 0.034791603684425354 0.0 -0.0 0.0
-7.92476749420166 -25.974014282226562 0.034791603684425354 0.0 -0.0 0.0
-9.081868171691895 -25.9739990234375 0.034791603684425354 0.0 -0.0 0.0
-10.238940238952637 -25.974014282226562 0.034791603684425354 0.0 -0.0 0.0
-11.396018028259277 -25.9739990234375 0.034791603684425354 0.0 -0.0 0.0
-12.553092002868652 -25.974014282226562 0.034791603684425354 0.0 -0.0 0.0
-13.710190773010254 -25.9739990234375 0.034791603684425354 0.0 -0.0 0.0
-14.867264747619629 -25.974014282226562 0.034791603684425354 0.0 -0.0 0.0
-16.024337768554688 -25.974014282226562 0.034791603684425354 0.0 -0.0 0.0
-17.181434631347656 -25.974014282226562 0.034791603684425354 0.0 -0.0 0.0
-18.338512420654297 -25.974014282226562 0.034791603684425354 0.0 -0.0 0.0
-19.495590209960938 -25.974014282226562 0.034791603684425354 0.0 -0.0 0.0
-20.652664184570312 -25.9739990234375 0.034791603684425354 0.0 -0.0 0.0
-21.80976104736328 -25.9739990234375 0.034791603684425354 0.0 -0.0 0.0
-22.966842651367188 -25.9739990234375 0.034791603684425354 0.0 -0.0 0.0
-24.12390899658203 -25.974014282226562 0.034791603684425354 0.0 -0.0 0.0
-25.280990600585938 -25.974014282226562 0.034791603684425354 0.0 -0.0 0.0
-26.438087463378906 -25.9739990234375 0.034791603684425354 0.0 -0.0 0.0
-32.59855270385742 -27.193954467773438 0.034791603684425354 0.0 -0.0 0.0
-33.75563049316406 -27.193954467773438 0.034791603684425354 0.0 -0.0 0.0
34.9632682800293 -25.471328735351562 0.034791603684425354 0.0 -0.0 0.0
33.80618667602539 -25.471328735351562 0.034791603684425354 0.0 -0.0 0.0
32.649105072021484 -25.471343994140625 0.034791603684425354 0.0 -0.0 0.0
17.15594482421875 -25.450485229492188 0.034791603684425354 0.0 -0.0 0.0
31.679229736328125 -20.516510009765625 0.034791603684425354 0.0 -0.0 0.0
30.522144317626953 -20.516525268554688 0.034791603684425354 0.0 -0.0 0.0
2.488957405090332 -25.471343994140625 0.034791603684425354 0.0 -0.0 0.0
1.3318696022033691 -25.471343994140625 0.034791603684425354 0.0 -0.0 0.0
0.17479610443115234 -25.471328735351562 0.034791603684425354 0.0 -0.0 0.0
-17.181434631347656 -25.471343994140625 0.034791603684425354 0.0 -0.0 0.0
-11.056443214416504 -20.441436767578125 0.034791603684425354 0.0 -0.0 0.0
-12.213515281677246 -20.441436767578125 0.034791603684425354 0.0 -0.0 0.0
-13.370587348937988 -20.441452026367188 0.034791603684425354 0.0 -0.0 0.0
-14.527688026428223 -20.441452026367188 0.034791603684425354 0.0 -0.0 0.0
-15.684765815734863 -20.441436767578125 0.034791603684425354 0.0 -0.0 0.0
-32.59855270385742 -25.9405517578125 0.034791603684425354 0.0 -0.0 0.0
-33.75563049316406 -25.9405517578125 0.034791603684425354 0.0 -0.0 0.0
34.9632682800293 -24.217926025390625 0.034791603684425354 0.0 -0.0 0.0
33.80618667602539 -24.217941284179688 0.034791603684425354 0.0 -0.0 0.0
32.649105072021484 -24.217941284179688 0.034791603684425354 0.0 -0.0 0.0
-32.59855270385742 -24.687149047851562 0.034791603684425354 0.0 -0.0 0.0
-33.75563049316406 -24.687149047851562 0.034791603684425354 0.0 -0.0 0.0
34.96327209472656 -22.96453857421875 0.034791603684425354 0.0 -0.0 0.0
33.806182861328125 -22.96453857421875 0.034791603684425354 0.0 -0.0 0.0
32.64910888671875 -22.96453857421875 0.034791603684425354 0.0 -0.0 0.0
-32.59855651855469 -23.433746337890625 0.034791603684425354 0.0 -0.0 0.0
-33.75563049316406 -23.433746337890625 0.034791603684425354 0.0 -0.0 0.0
34.9632682800293 -21.71112060546875 0.034791603684425354 0.0 -0.0 0.0
33.806182861328125 -21.71112060546875 0.034791603684425354 0.0 -0.0 0.0
32.64910888671875 -21.71112060546875 0.034791603684425354 0.0 -0.0 0.0
-32.59855651855469 -22.180328369140625 0.034791603684425354 0.0 -0.0 0.0
-33.75563049316406 -22.180328369140625 0.034791603684425354 0.0 -0.0 0.0
36.04431915283203 -20.457717895507812 0.034791603684425354 0.0 -0.0 0.0
34.88723373413086 -20.457717895507812 0.034791603684425354 0.0 -0.0 0.0
33.730159759521484 -20.457717895507812 0.034791603684425354 0.0 -0.0 0.0
29.101829528808594 -20.45770263671875 0.034791603684425354 0.0 -0.0 0.0
27.944744110107422 -20.45770263671875 0.034791603684425354 0.0 -0.0 0.0
26.787670135498047 -20.457717895507812 0.034791603684425354 0.0 -0.0 0.0
25.63058090209961 -20.457717895507812 0.034791603684425354 0.0 -0.0 0.0
24.473506927490234 -20.45770263671875 0.034791603684425354 0.0 -0.0 0.0
23.316417694091797 -20.457717895507812 0.034791603684425354 0.0 -0.0 0.0
22.159343719482422 -20.457717895507812 0.034791603684425354 0.0 -0.0 0.0
-17.181438446044922 -20.457717895507812 0.034791603684425354 0.0 -0.0 0.0
-18.338512420654297 -20.457717895507812 0.034791603684425354 0.0 -0.0 0.0
-19.495586395263672 -20.457717895507812 0.034791603684425354 0.0 -0.0 0.0
-20.652664184570312 -20.457717895507812 0.034791603684425354 0.0 -0.0 0.0
-21.80976104736328 -20.45770263671875 0.034791603684425354 0.0 -0.0 0.0
-22.966838836669922 -20.45770263671875 0.034791603684425354 0.0 -0.0 0.0
-24.123916625976562 -20.457717895507812 0.034791603684425354 0.0 -0.0 0.0
-25.280990600585938 -20.457717895507812 0.034791603684425354 0.0 -0.0 0.0
-26.438091278076172 -20.457717895507812 0.034791603684425354 0.0 -0.0 0.0
-27.59516143798828 -20.457717895507812 0.034791603684425354 0.0 -0.0 0.0
-32.59855651855469 -20.926925659179688 0.034791603684425354 0.0 -0.0 0.0
-33.75563049316406 -20.926910400390625 0.034791603684425354 0.0 -0.0 0.0
36.04431915283203 -19.204299926757812 0.034791603684425354 0.0 -0.0 0.0
34.887229919433594 -19.204299926757812 0.034791603684425354 0.0 -0.0 0.0
33.73015594482422 -19.204315185546875 0.034791603684425354 0.0 -0.0 0.0
32.57306671142578 -19.204315185546875 0.034791603684425354 0.0 -0.0 0.0
31.415992736816406 -19.204299926757812 0.034791603684425354 0.0 -0.0 0.0
30.258907318115234 -19.204315185546875 0.034791603684425354 0.0 -0.0 0.0
29.10183334350586 -19.204315185546875 0.034791603684425354 0.0 -0.0 0.0
27.944744110107422 -19.204315185546875 0.034791603684425354 0.0 -0.0 0.0
26.787670135498047 -19.204315185546875 0.034791603684425354 0.0 -0.0 0.0
25.63058090209961 -19.204315185546875 0.034791603684425354 0.0 -0.0 0.0
24.4735107421875 -19.204299926757812 0.034791603684425354 0.0 -0.0 0.0
23.316421508789062 -19.204315185546875 0.034791603684425354 0.0 -0.0 0.0
22.159343719482422 -19.204315185546875 0.034791603684425354 0.0 -0.0 0.0
21.00225830078125 -19.204315185546875 0.034791603684425354 0.0 -0.0 0.0
19.84518051147461 -20.630691528320312 0.034791603684425354 0.0 -0.0 0.0
18.688095092773438 -20.630706787109375 0.034791603684425354 0.0 -0.0 0.0
17.531021118164062 -20.630691528320312 0.034791603684425354 0.0 -0.0 0.0
16.373931884765625 -20.630691528320312 0.034791603684425354 0.0 -0.0 0.0
15.216856956481934 -20.630691528320312 0.034791603684425354 0.0 -0.0 0.0
14.059769630432129 -20.630691528320312 0.034791603684425354 0.0 -0.0 0.0
12.902693748474121 -20.630691528320312 0.034791603684425354 0.0 -0.0 0.0
11.745606422424316 -20.630706787109375 0.034791603684425354 0.0 -0.0 0.0
10.588520050048828 -20.630691528320312 0.034791603684425354 0.0 -0.0 0.0
9.431446075439453 -20.630691528320312 0.034791603684425354 0.0 -0.0 0.0
8.274358749389648 -20.630706787109375 0.034791603684425354 0.0 -0.0 0.0
7.117282867431641 -20.630691528320312 0.034791603684425354 0.0 -0.0 0.0
5.960195541381836 -20.630706787109375 0.034791603684425354 0.0 -0.0 0.0
4.803119659423828 -20.630691528320312 0.034791603684425354 0.0 -0.0 0.0
3.6460323333740234 -20.630706787109375 0.034791603684425354 0.0 -0.0 0.0
-3.296442985534668 -20.405471801757812 0.034791603684425354 0.0 -0.0 0.0
-4.453540802001953 -20.405471801757812 0.034791603684425354 0.0 -0.0 0.0
-5.610616683959961 -20.405471801757812 0.034791603684425354 0.0 -0.0 0.0
-6.767693519592285 -20.405471801757812 0.034791603684425354 0.0 -0.0 0.0
-7.92476749420166 -20.40545654296875 0.034791603684425354 0.0 -0.0 0.0
-9.081864356994629 -20.405487060546875 0.034791603684425354 0.0 -0.0 0.0
-10.23894214630127 -20.405471801757812 0.034791603684425354 0.0 -0.0 0.0
-11.396018028259277 -19.204315185546875 0.034791603684425354 0.0 -0.0 0.0
-12.553095817565918 -19.204315185546875 0.034791603684425354 0.0 -0.0 0.0
-13.710190773010254 -19.204315185546875 0.034791603684425354 0.0 -0.0 0.0
-14.867264747619629 -19.204315185546875 0.034791603684425354 0.0 -0.0 0.0
-16.024337768554688 -19.204315185546875 0.034791603684425354 0.0 -0.0 0.0
-17.181438446044922 -19.204315185546875 0.034791603684425354 0.0 -0.0 0.0
-18.338516235351562 -19.204315185546875 0.034791603684425354 0.0 -0.0 0.0
-19.495590209960938 -19.204315185546875 0.034791603684425354 0.0 -0.0 0.0
-20.652664184570312 -19.204315185546875 0.034791603684425354 0.0 -0.0 0.0
-21.80976104736328 -19.204315185546875 0.034791603684425354 0.0 -0.0 0.0
-22.966835021972656 -19.204315185546875 0.034791603684425354 0.0 -0.0 0.0
-24.123916625976562 -19.204299926757812 0.034791603684425354 0.0 -0.0 0.0
-25.280990600585938 -19.204299926757812 0.034791603684425354 0.0 -0.0 0.0
-26.438079833984375 -19.204315185546875 0.034791603684425354 0.0 -0.0 0.0
-27.59516143798828 -19.204315185546875 0.034791603684425354 0.0 -0.0 0.0
-28.647968292236328 -20.6119384765625 0.034791603684425354 0.0 -0.0 0.0
-29.805042266845703 -20.611923217773438 0.034791603684425354 0.0 -0.0 0.0
-30.962142944335938 -20.611923217773438 0.034791603684425354 0.0 -0.0 0.0
-32.11921691894531 -20.6119384765625 0.034791603684425354 0.0 -0.0 0.0
-32.59855270385742 -19.673538208007812 0.034791603684425354 0.0 -0.0 0.0
-33.75563049316406 -19.67352294921875 0.034791603684425354 0.0 -0.0 0.0
18.688095092773438 -19.37725830078125 0.034791603684425354 0.0 -0.0 0.0
17.531021118164062 -19.37725830078125 0.034791603684425354 0.0 -0.0 0.0
16.373931884765625 -19.37725830078125 0.034791603684425354 0.0 -0.0 0.0
15.216856956481934 -19.377273559570312 0.034791603684425354 0.0 -0.0 0.0
14.059769630432129 -19.37725830078125 0.034791603684425354 0.0 -0.0 0.0
12.902693748474121 -19.377273559570312 0.034791603684425354 0.0 -0.0 0.0
11.745606422424316 -19.377273559570312 0.034791603684425354 0.0 -0.0 0.0
10.588520050048828 -19.377273559570312 0.034791603684425354 0.0 -0.0 0.0
9.431446075439453 -19.377273559570312 0.034791603684425354 0.0 -0.0 0.0
8.274358749389648 -19.377273559570312 0.034791603684425354 0.0 -0.0 0.0
7.117282867431641 -19.37725830078125 0.034791603684425354 0.0 -0.0 0.0
5.960195541381836 -19.377273559570312 0.034791603684425354 0.0 -0.0 0.0
4.803119659423828 -19.377273559570312 0.034791603684425354 0.0 -0.0 0.0
3.6460323333740234 -19.377273559570312 0.034791603684425354 0.0 -0.0 0.0
2.488957405090332 -19.37725830078125 0.034791603684425354 0.0 -0.0 0.0
-3.296442985534668 -19.152053833007812 0.034791603684425354 0.0 -0.0 0.0
-4.453540802001953 -19.15203857421875 0.034791603684425354 0.0 -0.0 0.0
-5.610616683959961 -19.152053833007812 0.034791603684425354 0.0 -0.0 0.0
-6.767693519592285 -19.15203857421875 0.034791603684425354 0.0 -0.0 0.0
-7.92476749420166 -19.152053833007812 0.034791603684425354 0.0 -0.0 0.0
-9.081864356994629 -19.152053833007812 0.034791603684425354 0.0 -0.0 0.0
-10.23894214630127 -19.152053833007812 0.034791603684425354 0.0 -0.0 0.0
-11.396018028259277 -17.950897216796875 0.034791603684425354 0.0 -0.0 0.0
-12.553095817565918 -17.950881958007812 0.034791603684425354 0.0 -0.0 0.0
-13.710190773010254 -17.950889587402344 0.034791603684425354 0.0 -0.0 0.0
-14.867264747619629 -17.950881958007812 0.034791603684425354 0.0 -0.0 0.0
-16.024337768554688 -17.950889587402344 0.034791603684425354 0.0 -0.0 0.0
-17.181438446044922 -17.950889587402344 0.034791603684425354 0.0 -0.0 0.0
-18.338512420654297 -17.950889587402344 0.034791603684425354 0.0 -0.0 0.0
-19.495590209960938 -17.950889587402344 0.034791603684425354 0.0 -0.0 0.0
-28.647968292236328 -19.3585205078125 0.034791603684425354 0.0 -0.0 0.0
-29.805042266845703 -19.358489990234375 0.034791603684425354 0.0 -0.0 0.0
-33.75563049316406 -18.420074462890625 0.034791603684425354 0.0 -0.0 0.0
4.803119659423828 -18.123870849609375 0.034791603684425354 0.0 -0.0 0.0
3.6460323333740234 -18.123870849609375 0.034791603684425354 0.0 -0.0 0.0
2.4889578819274902 -18.123855590820312 0.034791603684425354 0.0 -0.0 0.0
-3.296442985534668 -17.898643493652344 0.034791603684425354 0.0 -0.0 0.0
-4.453540802001953 -17.898643493652344 0.034791603684425354 0.0 -0.0 0.0
3.1869659423828125 -16.43463134765625 0.034791603684425354 0.0 -0.0 0.0
2.029879093170166 -16.43463134765625 0.034791603684425354 0.0 -0.0 0.0
-2.941657066345215 -17.47730255126953 0.034791603684425354 0.0 -0.0 0.0
3.1869659423828125 -15.181228637695312 0.034791603684425354 0.0 -0.0 0.0
2.029879093170166 -15.181228637695312 0.034791603684425354 0.0 -0.0 0.0
-2.941657066345215 -16.223899841308594 0.034791603684425354 0.0 -0.0 0.0
3.1869659423828125 -13.927810668945312 0.034791603684425354 0.0 -0.0 0.0
2.029879570007324 -13.927810668945312 0.034791603684425354 0.0 -0.0 0.0
-2.941655158996582 -14.970489501953125 0.034791603684425354 0.0 -0.0 0.0
-4.09873104095459 -14.970489501953125 0.034791603684425354 0.0 -0.0 0.0
3.1869659423828125 -12.674407958984375 0.034791603684425354 0.0 -0.0 0.0
2.029879570007324 -12.674407958984375 0.034791603684425354 0.0 -0.0 0.0
-2.941655158996582 -13.717079162597656 0.034791603684425354 0.0 -0.0 0.0
-4.098732948303223 -13.717071533203125 0.034791603684425354 0.0 -0.0 0.0
3.186964988708496 -11.420997619628906 0.034791603684425354 0.0 -0.0 0.0
2.0298800468444824 -11.421012878417969 0.034791603684425354 0.0 -0.0 0.0
-3.296442985534668 -10.430458068847656 0.034791603684425354 0.0 -0.0 0.0
-2.9416542053222656 -12.46368408203125 0.034791603684425354 0.0 -0.0 0.0
-4.09873104095459 -12.46368408203125 0.034791603684425354 0.0 -0.0 0.0
3.186964988708496 -10.167610168457031 0.034791603684425354 0.0 -0.0 0.0
2.0298800468444824 -10.167610168457031 0.034791603684425354 0.0 -0.0 0.0
-3.296442985534668 -9.177055358886719 0.034791603684425354 0.0 -0.0 0.0
-2.9416542053222656 -11.210281372070312 0.034791603684425354 0.0 -0.0 0.0
-4.09873104095459 -11.210273742675781 0.034791603684425354 0.0 -0.0 0.0
3.186964988708496 -8.914176940917969 0.034791603684425354 0.0 -0.0 0.0
2.0298800468444824 -8.914192199707031 0.034791603684425354 0.0 -0.0 0.0
-2.9416542053222656 -9.956863403320312 0.034791603684425354 0.0 -0.0 0.0
-4.09873104095459 -9.956855773925781 0.034791603684425354 0.0 -0.0 0.0
3.1869659423828125 -7.6607818603515625 0.034791603684425354 0.0 -0.0 0.0
2.029879093170166 -7.660774230957031 0.034791603684425354 0.0 -0.0 0.0
-2.941655158996582 -8.703453063964844 0.034791603684425354 0.0 -0.0 0.0
-4.098730087280273 -8.703453063964844 0.034791603684425354 0.0 -0.0 0.0
3.1869659423828125 -6.407379150390625 0.034791603684425354 0.0 -0.0 0.0
2.029879570007324 -6.407379150390625 0.034791603684425354 0.0 -0.0 0.0
-2.941655158996582 -7.450050354003906 0.034791603684425354 0.0 -0.0 0.0
3.1869659423828125 -5.153968811035156 0.034791603684425354 0.0 -0.0 0.0
2.029878616333008 -5.1539764404296875 0.034791603684425354 0.0 -0.0 0.0
-2.941655158996582 -6.1966552734375 0.034791603684425354 0.0 -0.0 0.0
3.1869659423828125 -3.9005508422851562 0.034791603684425354 0.0 -0.0 0.0
2.029878616333008 -3.9005508422851562 0.034791603684425354 0.0 -0.0 0.0
-2.941655158996582 -4.9432373046875 0.034791603684425354 0.0 -0.0 0.0
3.1869659423828125 -2.6471405029296875 0.034791603684425354 0.0 -0.0 0.0
2.029878616333008 -2.6471481323242188 0.034791603684425354 0.0 -0.0 0.0
-2.941655158996582 -3.6898193359375 0.034791603684425354 0.0 -0.0 0.0
3.186966896057129 -1.3937530517578125 0.034791603684425354 0.0 -0.0 0.0
2.0298776626586914 -1.39373779296875 0.034791603684425354 0.0 -0.0 0.0
-2.941655158996582 -2.4364242553710938 0.034791603684425354 0.0 -0.0 0.0
3.186966896057129 -0.140350341796875 0.034791603684425354 0.0 -0.0 0.0
2.0298776626586914 -0.14034271240234375 0.034791603684425354 0.0 -0.0 0.0
-2.941655158996582 -1.1830215454101562 0.034791603684425354 0.0 -0.0 0.0
3.1869659423828125 1.113067626953125 0.034791603684425354 0.0 -0.0 0.0
2.0298781394958496 1.1130752563476562 0.034791603684425354 0.0 -0.0 0.0
1.8112154006958008 -20.783172607421875 0.034791603684425354 0.0 -0.0 0.0
-2.941655158996582 0.07041168212890625 0.034791603684425354 0.0 -0.0 0.0
3.1869659423828125 2.3664932250976562 0.034791603684425354 0.0 -0.0 0.0
2.0298781394958496 2.3664932250976562 0.034791603684425354 0.0 -0.0 0.0
1.8112154006958008 -19.52978515625 0.034791603684425354 0.0 -0.0 0.0
-2.9416542053222656 1.3237991333007812 0.034791603684425354 0.0 -0.0 0.0
3.1869659423828125 3.6198959350585938 0.034791603684425354 0.0 -0.0 0.0
2.029879093170166 3.6198806762695312 0.034791603684425354 0.0 -0.0 0.0
2.488957405090332 4.6104278564453125 0.034791603684425354 0.0 -0.0 0.0
1.3318705558776855 4.6104278564453125 0.034791603684425354 0.0 -0.0 0.0
0.17479515075683594 4.61041259765625 0.034791603684425354 0.0 -0.0 0.0
-0.9822921752929688 4.6104278564453125 0.034791603684425354 0.0 -0.0 0.0
-2.1393680572509766 4.6104278564453125 0.034791603684425354 0.0 -0.0 0.0
-3.296444892883301 4.610443115234375 0.034791603684425354 0.0 -0.0 0.0
-2.941657066345215 2.5772171020507812 0.034791603684425354 0.0 -0.0 0.0
20.657882690429688 -20.457717895507812 0.034791603684425354 0.0 -0.0 0.0
19.500797271728516 -19.204315185546875 0.034791603684425354 0.0 -0.0 0.0
-32.62605667114258 -46.466461181640625 0.034791603684425354 0.0 -0.0 0.0
34.36823272705078 -40.95057678222656 0.034791603684425354 0.0 -0.0 0.0
-25.725582122802734 -44.795989990234375 0.034791603684425354 0.0 -0.0 0.0
-26.465587615966797 -44.74385070800781 0.034791603684425354 0.0 -0.0 0.0
-31.468978881835938 -45.21305847167969 0.034791603684425354 0.0 -0.0 0.0
-32.62605667114258 -45.21305847167969 0.034791603684425354 0.0 -0.0 0.0
29.07431411743164 -43.490447998046875 0.034791603684425354 0.0 -0.0 0.0
-25.7255859375 -43.54258728027344 0.034791603684425354 0.0 -0.0 0.0
-26.882659912109375 -43.54258728027344 0.034791603684425354 0.0 -0.0 0.0
-31.468978881835938 -43.95965576171875 0.034791603684425354 0.0 -0.0 0.0
-32.62605285644531 -43.95965576171875 0.034791603684425354 0.0 -0.0 0.0
35.37214279174805 -44.03880310058594 0.034791603684425354 0.0 -0.0 0.0
34.215049743652344 -44.03880310058594 0.034791603684425354 0.0 -0.0 0.0
33.6885986328125 -41.78660583496094 0.034791603684425354 0.0 -0.0 0.0
29.07431411743164 -42.237060546875 0.034791603684425354 0.0 -0.0 0.0
-25.7255859375 -42.2891845703125 0.034791603684425354 0.0 -0.0 0.0
-26.882659912109375 -42.2891845703125 0.034791603684425354 0.0 -0.0 0.0
-31.468978881835938 -42.70625305175781 0.034791603684425354 0.0 -0.0 0.0
-32.62605285644531 -42.706268310546875 0.034791603684425354 0.0 -0.0 0.0
35.37213897705078 -42.78538513183594 0.034791603684425354 0.0 -0.0 0.0
34.21505355834961 -42.78538513183594 0.034791603684425354 0.0 -0.0 0.0
29.07431411743164 -40.98362731933594 0.034791603684425354 0.0 -0.0 0.0
-25.725582122802734 -41.03575134277344 0.034791603684425354 0.0 -0.0 0.0
-31.468978881835938 -41.45283508300781 0.034791603684425354 0.0 -0.0 0.0
-32.62604904174805 -41.45283508300781 0.034791603684425354 0.0 -0.0 0.0
35.310829162597656 -39.730224609375 0.034791603684425354 0.0 -0.0 0.0
34.153743743896484 -39.730224609375 0.034791603684425354 0.0 -0.0 0.0
29.07431411743164 -39.730224609375 0.034791603684425354 0.0 -0.0 0.0
-25.7255859375 -39.7823486328125 0.034791603684425354 0.0 -0.0 0.0
-31.468978881835938 -40.199432373046875 0.034791603684425354 0.0 -0.0 0.0
-32.62604904174805 -40.199432373046875 0.034791603684425354 0.0 -0.0 0.0
35.310829162597656 -38.476806640625 0.034791603684425354 0.0 -0.0 0.0
34.153743743896484 -38.47682189941406 0.034791603684425354 0.0 -0.0 0.0
29.07431411743164 -38.476806640625 0.034791603684425354 0.0 -0.0 0.0
-25.7255859375 -38.528961181640625 0.034791603684425354 0.0 -0.0 0.0
-31.468978881835938 -38.946014404296875 0.034791603684425354 0.0 -0.0 0.0
-32.62604904174805 -38.946014404296875 0.034791603684425354 0.0 -0.0 0.0
35.310829162597656 -37.223419189453125 0.034791603684425354 0.0 -0.0 0.0
34.153743743896484 -37.223419189453125 0.034791603684425354 0.0 -0.0 0.0
29.074317932128906 -37.223419189453125 0.034791603684425354 0.0 -0.0 0.0
-25.725589752197266 -37.275543212890625 0.034791603684425354 0.0 -0.0 0.0
-31.468978881835938 -37.692626953125 0.034791603684425354 0.0 -0.0 0.0
-32.62605285644531 -37.692626953125 0.034791603684425354 0.0 -0.0 0.0
36.092838287353516 -35.970001220703125 0.034791603684425354 0.0 -0.0 0.0
34.935752868652344 -35.970001220703125 0.034791603684425354 0.0 -0.0 0.0
33.77867889404297 -35.970001220703125 0.034791603684425354 0.0 -0.0 0.0
29.074317932128906 -35.96998596191406 0.034791603684425354 0.0 -0.0 0.0
-25.725582122802734 -36.022125244140625 0.034791603684425354 0.0 -0.0 0.0
-31.468978881835938 -36.439208984375 0.034791603684425354 0.0 -0.0 0.0
-32.62605285644531 -36.439208984375 0.034791603684425354 0.0 -0.0 0.0
36.09284210205078 -34.71659851074219 0.034791603684425354 0.0 -0.0 0.0
34.93575668334961 -34.71659851074219 0.034791603684425354 0.0 -0.0 0.0
33.778682708740234 -34.716583251953125 0.034791603684425354 0.0 -0.0 0.0
29.07431411743164 -34.716583251953125 0.034791603684425354 0.0 -0.0 0.0
27.917236328125 -34.71659851074219 0.034791603684425354 0.0 -0.0 0.0
-25.7255859375 -34.76872253417969 0.034791603684425354 0.0 -0.0 0.0
-31.468978881835938 -35.185791015625 0.034791603684425354 0.0 -0.0 0.0
-32.62605667114258 -35.185791015625 0.034791603684425354 0.0 -0.0 0.0
36.09284210205078 -33.46319580078125 0.034791603684425354 0.0 -0.0 0.0
34.93575668334961 -33.46319580078125 0.034791603684425354 0.0 -0.0 0.0
33.778682708740234 -33.46319580078125 0.034791603684425354 0.0 -0.0 0.0
29.07431411743164 -33.46319580078125 0.034791603684425354 0.0 -0.0 0.0
27.917236328125 -33.46319580078125 0.034791603684425354 0.0 -0.0 0.0
-24.568485260009766 -33.51533508300781 0.034791603684425354 0.0 -0.0 0.0
-25.7255859375 -33.51531982421875 0.034791603684425354 0.0 -0.0 0.0
-31.468978881835938 -33.932403564453125 0.034791603684425354 0.0 -0.0 0.0
-32.62605667114258 -33.932403564453125 0.034791603684425354 0.0 -0.0 0.0
36.09284210205078 -32.20977783203125 0.034791603684425354 0.0 -0.0 0.0
34.93575668334961 -32.20977783203125 0.034791603684425354 0.0 -0.0 0.0
33.778682708740234 -32.20977783203125 0.034791603684425354 0.0 -0.0 0.0
29.07431411743164 -32.20977783203125 0.034791603684425354 0.0 -0.0 0.0
27.917236328125 -32.20977783203125 0.034791603684425354 0.0 -0.0 0.0
-24.568485260009766 -32.26191711425781 0.034791603684425354 0.0 -0.0 0.0
-25.725582122802734 -32.26191711425781 0.034791603684425354 0.0 -0.0 0.0
-31.46898651123047 -32.678985595703125 0.034791603684425354 0.0 -0.0 0.0
-32.62605667114258 -32.678985595703125 0.034791603684425354 0.0 -0.0 0.0
36.09284210205078 -30.95635986328125 0.034791603684425354 0.0 -0.0 0.0
34.935752868652344 -30.95635986328125 0.034791603684425354 0.0 -0.0 0.0
33.77867889404297 -30.95635986328125 0.034791603684425354 0.0 -0.0 0.0
29.07431411743164 -30.95635986328125 0.034791603684425354 0.0 -0.0 0.0
27.917240142822266 -30.95635986328125 0.034791603684425354 0.0 -0.0 0.0
-24.568485260009766 -31.008499145507812 0.034791603684425354 0.0 -0.0 0.0
-25.725589752197266 -31.00848388671875 0.034791603684425354 0.0 -0.0 0.0
-31.46898651123047 -31.425567626953125 0.034791603684425354 0.0 -0.0 0.0
-32.62604904174805 -31.425567626953125 0.034791603684425354 0.0 -0.0 0.0
36.09284210205078 -29.702972412109375 0.034791603684425354 0.0 -0.0 0.0
34.935752868652344 -29.702972412109375 0.034791603684425354 0.0 -0.0 0.0
33.77867889404297 -29.702972412109375 0.034791603684425354 0.0 -0.0 0.0
29.07431411743164 -29.702972412109375 0.034791603684425354 0.0 -0.0 0.0
27.917240142822266 -29.702972412109375 0.034791603684425354 0.0 -0.0 0.0
-24.568485260009766 -29.755096435546875 0.034791603684425354 0.0 -0.0 0.0
-25.725589752197266 -29.755096435546875 0.034791603684425354 0.0 -0.0 0.0
-31.468978881835938 -30.17218017578125 0.034791603684425354 0.0 -0.0 0.0
-32.62604904174805 -30.17218017578125 0.034791603684425354 0.0 -0.0 0.0
36.09284591674805 -28.449554443359375 0.034791603684425354 0.0 -0.0 0.0
34.935760498046875 -28.449554443359375 0.034791603684425354 0.0 -0.0 0.0
33.778682708740234 -28.449554443359375 0.034791603684425354 0.0 -0.0 0.0
29.07431411743164 -28.449554443359375 0.034791603684425354 0.0 -0.0 0.0
27.917240142822266 -27.698822021484375 0.034791603684425354 0.0 -0.0 0.0
-24.56848907470703 -27.750946044921875 0.034791603684425354 0.0 -0.0 0.0
-25.7255859375 -27.750961303710938 0.034791603684425354 0.0 -0.0 0.0
-31.468978881835938 -28.91876220703125 0.034791603684425354 0.0 -0.0 0.0
-32.626060485839844 -28.91876220703125 0.034791603684425354 0.0 -0.0 0.0
36.09284591674805 -27.196136474609375 0.034791603684425354 0.0 -0.0 0.0
34.935760498046875 -27.196136474609375 0.034791603684425354 0.0 -0.0 0.0
33.778682708740234 -27.196151733398438 0.034791603684425354 0.0 -0.0 0.0
29.07431411743164 -27.196151733398438 0.034791603684425354 0.0 -0.0 0.0
27.917240142822266 -26.4454345703125 0.034791603684425354 0.0 -0.0 0.0
26.76015853881836 -26.445419311523438 0.034791603684425354 0.0 -0.0 0.0
25.60308074951172 -26.445419311523438 0.034791603684425354 0.0 -0.0 0.0
24.445995330810547 -26.445419311523438 0.034791603684425354 0.0 -0.0 0.0
23.288921356201172 -26.445419311523438 0.034791603684425354 0.0 -0.0 0.0
22.131832122802734 -26.445419311523438 0.034791603684425354 0.0 -0.0 0.0
20.974754333496094 -26.445419311523438 0.034791603684425354 0.0 -0.0 0.0
19.817668914794922 -26.445419311523438 0.034791603684425354 0.0 -0.0 0.0
18.660594940185547 -26.445419311523438 0.034791603684425354 0.0 -0.0 0.0
17.50350570678711 -26.445419311523438 0.034791603684425354 0.0 -0.0 0.0
16.346431732177734 -26.445419311523438 0.034791603684425354 0.0 -0.0 0.0
15.189345359802246 -26.445419311523438 0.034791603684425354 0.0 -0.0 0.0
14.032267570495605 -26.4454345703125 0.034791603684425354 0.0 -0.0 0.0
12.875182151794434 -26.445419311523438 0.034791603684425354 0.0 -0.0 0.0
11.718094825744629 -26.445419311523438 0.034791603684425354 0.0 -0.0 0.0
10.561019897460938 -26.4454345703125 0.034791603684425354 0.0 -0.0 0.0
9.403932571411133 -26.4454345703125 0.034791603684425354 0.0 -0.0 0.0
8.246856689453125 -26.445419311523438 0.034791603684425354 0.0 -0.0 0.0
7.08976936340332 -26.445419311523438 0.034791603684425354 0.0 -0.0 0.0
5.9326934814453125 -26.445419311523438 0.034791603684425354 0.0 -0.0 0.0
4.775607109069824 -26.445419311523438 0.034791603684425354 0.0 -0.0 0.0
3.618532180786133 -26.445404052734375 0.034791603684425354 0.0 -0.0 0.0
2.4614439010620117 -26.445419311523438 0.034791603684425354 0.0 -0.0 0.0
1.3043708801269531 -26.445419311523438 0.034791603684425354 0.0 -0.0 0.0
0.14728355407714844 -26.4454345703125 0.034791603684425354 0.0 -0.0 0.0
-1.0097918510437012 -26.4454345703125 0.034791603684425354 0.0 -0.0 0.0
-2.1668686866760254 -26.4454345703125 0.034791603684425354 0.0 -0.0 0.0
-3.323967933654785 -26.445419311523438 0.034791603684425354 0.0 -0.0 0.0
-4.481043815612793 -26.445419311523438 0.034791603684425354 0.0 -0.0 0.0
-5.638117790222168 -26.4454345703125 0.034791603684425354 0.0 -0.0 0.0
-6.795192718505859 -26.445419311523438 0.034791603684425354 0.0 -0.0 0.0
-7.952292442321777 -26.445404052734375 0.034791603684425354 0.0 -0.0 0.0
-9.10936450958252 -26.445419311523438 0.034791603684425354 0.0 -0.0 0.0
-10.266444206237793 -26.445404052734375 0.034791603684425354 0.0 -0.0 0.0
-11.423518180847168 -26.445419311523438 0.034791603684425354 0.0 -0.0 0.0
-12.580615043640137 -26.445419311523438 0.034791603684425354 0.0 -0.0 0.0
-13.737690925598145 -26.445419311523438 0.034791603684425354 0.0 -0.0 0.0
-14.89476490020752 -26.4454345703125 0.034791603684425354 0.0 -0.0 0.0
-16.051860809326172 -26.4454345703125 0.034791603684425354 0.0 -0.0 0.0
-17.208938598632812 -26.4454345703125 0.034791603684425354 0.0 -0.0 0.0
-18.366016387939453 -26.4454345703125 0.034791603684425354 0.0 -0.0 0.0
-19.523090362548828 -26.445419311523438 0.034791603684425354 0.0 -0.0 0.0
-20.680191040039062 -26.445419311523438 0.034791603684425354 0.0 -0.0 0.0
-21.837268829345703 -26.445419311523438 0.034791603684425354 0.0 -0.0 0.0
-23.411407470703125 -26.49755859375 0.034791603684425354 0.0 -0.0 0.0
-24.56848907470703 -26.497543334960938 0.034791603684425354 0.0 -0.0 0.0
-25.7255859375 -26.49755859375 0.034791603684425354 0.0 -0.0 0.0
-31.468982696533203 -27.665359497070312 0.034791603684425354 0.0 -0.0 0.0
-32.626060485839844 -27.665359497070312 0.034791603684425354 0.0 -0.0 0.0
36.092838287353516 -25.942733764648438 0.034791603684425354 0.0 -0.0 0.0
34.935760498046875 -25.942718505859375 0.034791603684425354 0.0 -0.0 0.0
33.778682708740234 -25.942733764648438 0.034791603684425354 0.0 -0.0 0.0
29.07431411743164 -25.942718505859375 0.034791603684425354 0.0 -0.0 0.0
27.917240142822266 -25.192001342773438 0.034791603684425354 0.0 -0.0 0.0
26.76015853881836 -25.192001342773438 0.034791603684425354 0.0 -0.0 0.0
25.603084564208984 -25.191986083984375 0.034791603684425354 0.0 -0.0 0.0
24.445995330810547 -25.192001342773438 0.034791603684425354 0.0 -0.0 0.0
23.288921356201172 -25.191986083984375 0.034791603684425354 0.0 -0.0 0.0
22.131832122802734 -25.192001342773438 0.034791603684425354 0.0 -0.0 0.0
20.974754333496094 -25.192001342773438 0.034791603684425354 0.0 -0.0 0.0
19.817668914794922 -25.192001342773438 0.034791603684425354 0.0 -0.0 0.0
18.660594940185547 -25.191986083984375 0.034791603684425354 0.0 -0.0 0.0
17.50350570678711 -25.192001342773438 0.034791603684425354 0.0 -0.0 0.0
16.346431732177734 -25.191986083984375 0.034791603684425354 0.0 -0.0 0.0
15.189345359802246 -25.191986083984375 0.034791603684425354 0.0 -0.0 0.0
14.032267570495605 -25.192001342773438 0.034791603684425354 0.0 -0.0 0.0
12.875182151794434 -25.192001342773438 0.034791603684425354 0.0 -0.0 0.0
11.718094825744629 -25.192001342773438 0.034791603684425354 0.0 -0.0 0.0
10.561019897460938 -25.191986083984375 0.034791603684425354 0.0 -0.0 0.0
9.403932571411133 -25.192001342773438 0.034791603684425354 0.0 -0.0 0.0
8.246856689453125 -25.192001342773438 0.034791603684425354 0.0 -0.0 0.0
7.08976936340332 -25.191986083984375 0.034791603684425354 0.0 -0.0 0.0
5.9326934814453125 -25.192001342773438 0.034791603684425354 0.0 -0.0 0.0
4.775607109069824 -25.1920166015625 0.034791603684425354 0.0 -0.0 0.0
3.618532180786133 -25.191986083984375 0.034791603684425354 0.0 -0.0 0.0
2.4614439010620117 -25.191986083984375 0.034791603684425354 0.0 -0.0 0.0
1.3043699264526367 -25.192001342773438 0.034791603684425354 0.0 -0.0 0.0
0.14728355407714844 -25.1920166015625 0.034791603684425354 0.0 -0.0 0.0
-1.0097918510437012 -25.192001342773438 0.034791603684425354 0.0 -0.0 0.0
-2.1668686866760254 -25.192001342773438 0.034791603684425354 0.0 -0.0 0.0
-3.323967933654785 -25.192001342773438 0.034791603684425354 0.0 -0.0 0.0
-4.481043815612793 -25.192001342773438 0.034791603684425354 0.0 -0.0 0.0
-5.638115882873535 -25.192001342773438 0.034791603684425354 0.0 -0.0 0.0
-6.795192718505859 -25.192001342773438 0.034791603684425354 0.0 -0.0 0.0
-7.952292442321777 -25.191986083984375 0.034791603684425354 0.0 -0.0 0.0
-9.10936450958252 -25.192001342773438 0.034791603684425354 0.0 -0.0 0.0
-10.26644229888916 -25.191986083984375 0.034791603684425354 0.0 -0.0 0.0
-11.423516273498535 -25.192001342773438 0.034791603684425354 0.0 -0.0 0.0
-12.580615043640137 -25.191986083984375 0.034791603684425354 0.0 -0.0 0.0
-13.737690925598145 -25.192001342773438 0.034791603684425354 0.0 -0.0 0.0
-14.89476490020752 -25.192001342773438 0.034791603684425354 0.0 -0.0 0.0
-16.051860809326172 -25.192001342773438 0.034791603684425354 0.0 -0.0 0.0
-17.208938598632812 -25.192001342773438 0.034791603684425354 0.0 -0.0 0.0
-18.366016387939453 -25.192001342773438 0.034791603684425354 0.0 -0.0 0.0
-19.523090362548828 -25.191986083984375 0.034791603684425354 0.0 -0.0 0.0
-20.680187225341797 -25.191986083984375 0.034791603684425354 0.0 -0.0 0.0
-21.837268829345703 -25.191986083984375 0.034791603684425354 0.0 -0.0 0.0
-22.994335174560547 -25.192001342773438 0.034791603684425354 0.0 -0.0 0.0
-24.151416778564453 -25.192001342773438 0.034791603684425354 0.0 -0.0 0.0
-25.308513641357422 -25.191986083984375 0.034791603684425354 0.0 -0.0 0.0
-31.468978881835938 -26.411941528320312 0.034791603684425354 0.0 -0.0 0.0
-32.62605667114258 -26.411941528320312 0.034791603684425354 0.0 -0.0 0.0
36.09284210205078 -24.689315795898438 0.034791603684425354 0.0 -0.0 0.0
34.935760498046875 -24.689315795898438 0.034791603684425354 0.0 -0.0 0.0
33.77867889404297 -24.6893310546875 0.034791603684425354 0.0 -0.0 0.0
18.285518646240234 -24.668472290039062 0.034791603684425354 0.0 -0.0 0.0
32.808807373046875 -19.7344970703125 0.034791603684425354 0.0 -0.0 0.0
31.651718139648438 -19.734512329101562 0.034791603684425354 0.0 -0.0 0.0
3.618532180786133 -24.6893310546875 0.034791603684425354 0.0 -0.0 0.0
2.4614439010620117 -24.6893310546875 0.034791603684425354 0.0 -0.0 0.0
1.3043708801269531 -24.689315795898438 0.034791603684425354 0.0 -0.0 0.0
-16.051860809326172 -24.6893310546875 0.034791603684425354 0.0 -0.0 0.0
-9.92686939239502 -19.659423828125 0.034791603684425354 0.0 -0.0 0.0
-11.083941459655762 -19.659423828125 0.034791603684425354 0.0 -0.0 0.0
-12.241011619567871 -19.659439086914062 0.034791603684425354 0.0 -0.0 0.0
-13.398110389709473 -19.659439086914062 0.034791603684425354 0.0 -0.0 0.0
-14.555188179016113 -19.659423828125 0.034791603684425354 0.0 -0.0 0.0
-31.468978881835938 -25.158538818359375 0.034791603684425354 0.0 -0.0 0.0
-32.62605667114258 -25.158538818359375 0.034791603684425354 0.0 -0.0 0.0
36.09284210205078 -23.4359130859375 0.034791603684425354 0.0 -0.0 0.0
34.935760498046875 -23.435928344726562 0.034791603684425354 0.0 -0.0 0.0
33.77867889404297 -23.435928344726562 0.034791603684425354 0.0 -0.0 0.0
-31.468978881835938 -23.905136108398438 0.034791603684425354 0.0 -0.0 0.0
-32.62605667114258 -23.905136108398438 0.034791603684425354 0.0 -0.0 0.0
36.09284591674805 -22.182525634765625 0.034791603684425354 0.0 -0.0 0.0
34.93575668334961 -22.182525634765625 0.034791603684425354 0.0 -0.0 0.0
33.778682708740234 -22.182525634765625 0.034791603684425354 0.0 -0.0 0.0
-31.468982696533203 -22.6517333984375 0.034791603684425354 0.0 -0.0 0.0
-32.62605667114258 -22.6517333984375 0.034791603684425354 0.0 -0.0 0.0
36.09284210205078 -20.929107666015625 0.034791603684425354 0.0 -0.0 0.0
34.93575668334961 -20.929107666015625 0.034791603684425354 0.0 -0.0 0.0
33.778682708740234 -20.929107666015625 0.034791603684425354 0.0 -0.0 0.0
-31.468982696533203 -21.3983154296875 0.034791603684425354 0.0 -0.0 0.0
-32.62605667114258 -21.3983154296875 0.034791603684425354 0.0 -0.0 0.0
37.173892974853516 -19.675704956054688 0.034791603684425354 0.0 -0.0 0.0
36.016807556152344 -19.675704956054688 0.034791603684425354 0.0 -0.0 0.0
34.85973358154297 -19.675704956054688 0.034791603684425354 0.0 -0.0 0.0
30.231403350830078 -19.675689697265625 0.034791603684425354 0.0 -0.0 0.0
29.074317932128906 -19.675689697265625 0.034791603684425354 0.0 -0.0 0.0
27.917240142822266 -19.675704956054688 0.034791603684425354 0.0 -0.0 0.0
26.760154724121094 -19.675704956054688 0.034791603684425354 0.0 -0.0 0.0
25.60308074951172 -19.675689697265625 0.034791603684425354 0.0 -0.0 0.0
24.44599151611328 -19.675704956054688 0.034791603684425354 0.0 -0.0 0.0
23.288917541503906 -19.675704956054688 0.034791603684425354 0.0 -0.0 0.0
-16.051864624023438 -19.675704956054688 0.034791603684425354 0.0 -0.0 0.0
-17.208938598632812 -19.675704956054688 0.034791603684425354 0.0 -0.0 0.0
-18.366012573242188 -19.675704956054688 0.034791603684425354 0.0 -0.0 0.0
-19.523090362548828 -19.675704956054688 0.034791603684425354 0.0 -0.0 0.0
-20.680187225341797 -19.675689697265625 0.034791603684425354 0.0 -0.0 0.0
-21.837265014648438 -19.675689697265625 0.034791603684425354 0.0 -0.0 0.0
-22.994342803955078 -19.675704956054688 0.034791603684425354 0.0 -0.0 0.0
-24.151416778564453 -19.675704956054688 0.034791603684425354 0.0 -0.0 0.0
-25.308517456054688 -19.675704956054688 0.034791603684425354 0.0 -0.0 0.0
-26.465587615966797 -19.675704956054688 0.034791603684425354 0.0 -0.0 0.0
-31.468982696533203 -20.144912719726562 0.034791603684425354 0.0 -0.0 0.0
-32.62605667114258 -20.1448974609375 0.034791603684425354 0.0 -0.0 0.0
37.173892974853516 -18.422286987304688 0.034791603684425354 0.0 -0.0 0.0
36.01680374145508 -18.422286987304688 0.034791603684425354 0.0 -0.0 0.0
34.8597297668457 -18.42230224609375 0.034791603684425354 0.0 -0.0 0.0
33.702640533447266 -18.42230224609375 0.034791603684425354 0.0 -0.0 0.0
32.545570373535156 -18.422286987304688 0.034791603684425354 0.0 -0.0 0.0
31.38848114013672 -18.42230224609375 0.034791603684425354 0.0 -0.0 0.0
30.231407165527344 -18.42230224609375 0.034791603684425354 0.0 -0.0 0.0
29.074317932128906 -18.42230224609375 0.034791603684425354 0.0 -0.0 0.0
27.917240142822266 -18.42230224609375 0.034791603684425354 0.0 -0.0 0.0
26.760154724121094 -18.42230224609375 0.034791603684425354 0.0 -0.0 0.0
25.603084564208984 -18.422286987304688 0.034791603684425354 0.0 -0.0 0.0
24.445995330810547 -18.42230224609375 0.034791603684425354 0.0 -0.0 0.0
23.288917541503906 -18.42230224609375 0.034791603684425354 0.0 -0.0 0.0
22.131832122802734 -18.42230224609375 0.034791603684425354 0.0 -0.0 0.0
20.974754333496094 -19.848678588867188 0.034791603684425354 0.0 -0.0 0.0
19.817668914794922 -19.84869384765625 0.034791603684425354 0.0 -0.0 0.0
18.660594940185547 -19.848678588867188 0.034791603684425354 0.0 -0.0 0.0
17.50350570678711 -19.848678588867188 0.034791603684425354 0.0 -0.0 0.0
16.346431732177734 -19.848678588867188 0.034791603684425354 0.0 -0.0 0.0
15.189345359802246 -19.848678588867188 0.034791603684425354 0.0 -0.0 0.0
14.032269477844238 -19.848678588867188 0.034791603684425354 0.0 -0.0 0.0
12.875182151794434 -19.84869384765625 0.034791603684425354 0.0 -0.0 0.0
11.718096733093262 -19.848678588867188 0.034791603684425354 0.0 -0.0 0.0
10.561019897460938 -19.848678588867188 0.034791603684425354 0.0 -0.0 0.0
9.403932571411133 -19.84869384765625 0.034791603684425354 0.0 -0.0 0.0
8.246856689453125 -19.848678588867188 0.034791603684425354 0.0 -0.0 0.0
7.08976936340332 -19.84869384765625 0.034791603684425354 0.0 -0.0 0.0
5.9326934814453125 -19.848678588867188 0.034791603684425354 0.0 -0.0 0.0
4.775607109069824 -19.84869384765625 0.034791603684425354 0.0 -0.0 0.0
-2.1668686866760254 -19.623458862304688 0.034791603684425354 0.0 -0.0 0.0
-3.3239660263061523 -19.623458862304688 0.034791603684425354 0.0 -0.0 0.0
-4.48104190826416 -19.623458862304688 0.034791603684425354 0.0 -0.0 0.0
-5.638119697570801 -19.623458862304688 0.034791603684425354 0.0 -0.0 0.0
-6.795192718505859 -19.623443603515625 0.034791603684425354 0.0 -0.0 0.0
-7.952288627624512 -19.62347412109375 0.034791603684425354 0.0 -0.0 0.0
-9.109366416931152 -19.623458862304688 0.034791603684425354 0.0 -0.0 0.0
-10.26644229888916 -18.42230224609375 0.034791603684425354 0.0 -0.0 0.0
-11.4235200881958 -18.42230224609375 0.034791603684425354 0.0 -0.0 0.0
-12.58061695098877 -18.42230224609375 0.034791603684425354 0.0 -0.0 0.0
-13.737690925598145 -18.42230224609375 0.034791603684425354 0.0 -0.0 0.0
-14.89476490020752 -18.42230224609375 0.034791603684425354 0.0 -0.0 0.0
-16.051864624023438 -18.42230224609375 0.034791603684425354 0.0 -0.0 0.0
-17.208942413330078 -18.42230224609375 0.034791603684425354 0.0 -0.0 0.0
-18.366016387939453 -18.42230224609375 0.034791603684425354 0.0 -0.0 0.0
-19.523090362548828 -18.42230224609375 0.034791603684425354 0.0 -0.0 0.0
-20.680187225341797 -18.42230224609375 0.034791603684425354 0.0 -0.0 0.0
-21.837261199951172 -18.42230224609375 0.034791603684425354 0.0 -0.0 0.0
-22.994342803955078 -18.422286987304688 0.034791603684425354 0.0 -0.0 0.0
-24.151416778564453 -18.422286987304688 0.034791603684425354 0.0 -0.0 0.0
-25.30850601196289 -18.42230224609375 0.034791603684425354 0.0 -0.0 0.0
-26.465587615966797 -18.42230224609375 0.034791603684425354 0.0 -0.0 0.0
-27.518394470214844 -19.829925537109375 0.034791603684425354 0.0 -0.0 0.0
-28.67546844482422 -19.829910278320312 0.034791603684425354 0.0 -0.0 0.0
-29.832569122314453 -19.829910278320312 0.034791603684425354 0.0 -0.0 0.0
-30.989643096923828 -19.829925537109375 0.034791603684425354 0.0 -0.0 0.0
-31.468978881835938 -18.891525268554688 0.034791603684425354 0.0 -0.0 0.0
-32.62605667114258 -18.891510009765625 0.034791603684425354 0.0 -0.0 0.0
19.817668914794922 -18.595245361328125 0.034791603684425354 0.0 -0.0 0.0
18.660594940185547 -18.595245361328125 0.034791603684425354 0.0 -0.0 0.0
17.50350570678711 -18.595245361328125 0.034791603684425354 0.0 -0.0 0.0
16.346431732177734 -18.595260620117188 0.034791603684425354 0.0 -0.0 0.0
15.189345359802246 -18.595245361328125 0.034791603684425354 0.0 -0.0 0.0
14.032269477844238 -18.595260620117188 0.034791603684425354 0.0 -0.0 0.0
12.875182151794434 -18.595260620117188 0.034791603684425354 0.0 -0.0 0.0
11.718096733093262 -18.595260620117188 0.034791603684425354 0.0 -0.0 0.0
10.561019897460938 -18.595260620117188 0.034791603684425354 0.0 -0.0 0.0
9.403932571411133 -18.595260620117188 0.034791603684425354 0.0 -0.0 0.0
8.246856689453125 -18.595245361328125 0.034791603684425354 0.0 -0.0 0.0
7.08976936340332 -18.595260620117188 0.034791603684425354 0.0 -0.0 0.0
5.9326934814453125 -18.595260620117188 0.034791603684425354 0.0 -0.0 0.0
4.775607109069824 -18.595260620117188 0.034791603684425354 0.0 -0.0 0.0
3.618532180786133 -18.595245361328125 0.034791603684425354 0.0 -0.0 0.0
-2.1668686866760254 -18.370040893554688 0.034791603684425354 0.0 -0.0 0.0
-3.3239660263061523 -18.370025634765625 0.034791603684425354 0.0 -0.0 0.0
-4.48104190826416 -18.370040893554688 0.034791603684425354 0.0 -0.0 0.0
-5.638119697570801 -18.370025634765625 0.034791603684425354 0.0 -0.0 0.0
-6.795192718505859 -18.370040893554688 0.034791603684425354 0.0 -0.0 0.0
-7.952288627624512 -18.370040893554688 0.034791603684425354 0.0 -0.0 0.0
-9.109366416931152 -18.370040893554688 0.034791603684425354 0.0 -0.0 0.0
-10.26644229888916 -17.16888427734375 0.034791603684425354 0.0 -0.0 0.0
-11.4235200881958 -17.168869018554688 0.034791603684425354 0.0 -0.0 0.0
-12.58061695098877 -17.16887664794922 0.034791603684425354 0.0 -0.0 0.0
-13.737690925598145 -17.168869018554688 0.034791603684425354 0.0 -0.0 0.0
-14.89476490020752 -17.16887664794922 0.034791603684425354 0.0 -0.0 0.0
-16.051864624023438 -17.16887664794922 0.034791603684425354 0.0 -0.0 0.0
-17.208938598632812 -17.16887664794922 0.034791603684425354 0.0 -0.0 0.0
-18.366016387939453 -17.16887664794922 0.034791603684425354 0.0 -0.0 0.0
-27.518394470214844 -18.576507568359375 0.034791603684425354 0.0 -0.0 0.0
-28.67546844482422 -18.57647705078125 0.034791603684425354 0.0 -0.0 0.0
-32.62605667114258 -17.6380615234375 0.034791603684425354 0.0 -0.0 0.0
5.9326934814453125 -17.34185791015625 0.034791603684425354 0.0 -0.0 0.0
4.775607109069824 -17.34185791015625 0.034791603684425354 0.0 -0.0 0.0
3.618532180786133 -17.341842651367188 0.034791603684425354 0.0 -0.0 0.0
-2.1668686866760254 -17.11663055419922 0.034791603684425354 0.0 -0.0 0.0
-3.3239660263061523 -17.11663055419922 0.034791603684425354 0.0 -0.0 0.0
4.316539764404297 -15.652618408203125 0.034791603684425354 0.0 -0.0 0.0
3.1594533920288086 -15.652618408203125 0.034791603684425354 0.0 -0.0 0.0
-1.8120827674865723 -16.695289611816406 0.034791603684425354 0.0 -0.0 0.0
4.316539764404297 -14.399215698242188 0.034791603684425354 0.0 -0.0 0.0
3.1594533920288086 -14.399215698242188 0.034791603684425354 0.0 -0.0 0.0
-1.8120827674865723 -15.441886901855469 0.034791603684425354 0.0 -0.0 0.0
4.316539764404297 -13.145797729492188 0.034791603684425354 0.0 -0.0 0.0
3.159453868865967 -13.145797729492188 0.034791603684425354 0.0 -0.0 0.0
-1.8120808601379395 -14.1884765625 0.034791603684425354 0.0 -0.0 0.0
-2.9691567420959473 -14.1884765625 0.034791603684425354 0.0 -0.0 0.0
4.316539764404297 -11.89239501953125 0.034791603684425354 0.0 -0.0 0.0
3.159453868865967 -11.89239501953125 0.034791603684425354 0.0 -0.0 0.0
-1.8120808601379395 -12.935066223144531 0.034791603684425354 0.0 -0.0 0.0
-2.96915864944458 -12.93505859375 0.034791603684425354 0.0 -0.0 0.0
4.316539764404297 -10.638984680175781 0.034791603684425354 0.0 -0.0 0.0
3.159454345703125 -10.638999938964844 0.034791603684425354 0.0 -0.0 0.0
-2.1668686866760254 -9.648445129394531 0.034791603684425354 0.0 -0.0 0.0
-1.812079906463623 -11.681671142578125 0.034791603684425354 0.0 -0.0 0.0
-2.9691567420959473 -11.681671142578125 0.034791603684425354 0.0 -0.0 0.0
4.316539764404297 -9.385597229003906 0.034791603684425354 0.0 -0.0 0.0
3.159454345703125 -9.385597229003906 0.034791603684425354 0.0 -0.0 0.0
-2.1668686866760254 -8.395042419433594 0.034791603684425354 0.0 -0.0 0.0
-1.812079906463623 -10.428268432617188 0.034791603684425354 0.0 -0.0 0.0
-2.9691567420959473 -10.428260803222656 0.034791603684425354 0.0 -0.0 0.0
4.316539764404297 -8.132164001464844 0.034791603684425354 0.0 -0.0 0.0
3.159454345703125 -8.132179260253906 0.034791603684425354 0.0 -0.0 0.0
-1.812079906463623 -9.174850463867188 0.034791603684425354 0.0 -0.0 0.0
-2.9691567420959473 -9.174842834472656 0.034791603684425354 0.0 -0.0 0.0
4.316540718078613 -6.8787689208984375 0.034791603684425354 0.0 -0.0 0.0
3.1594533920288086 -6.878761291503906 0.034791603684425354 0.0 -0.0 0.0
-1.8120808601379395 -7.921440124511719 0.034791603684425354 0.0 -0.0 0.0
-2.969155788421631 -7.921440124511719 0.034791603684425354 0.0 -0.0 0.0
4.316540718078613 -5.6253662109375 0.034791603684425354 0.0 -0.0 0.0
3.159453868865967 -5.6253662109375 0.034791603684425354 0.0 -0.0 0.0
-1.8120808601379395 -6.668037414550781 0.034791603684425354 0.0 -0.0 0.0
4.316540718078613 -4.371955871582031 0.034791603684425354 0.0 -0.0 0.0
3.1594529151916504 -4.3719635009765625 0.034791603684425354 0.0 -0.0 0.0
-1.8120808601379395 -5.414642333984375 0.034791603684425354 0.0 -0.0 0.0
4.316539764404297 -3.1185379028320312 0.034791603684425354 0.0 -0.0 0.0
3.1594529151916504 -3.1185379028320312 0.034791603684425354 0.0 -0.0 0.0
-1.8120808601379395 -4.161224365234375 0.034791603684425354 0.0 -0.0 0.0
4.316539764404297 -1.8651275634765625 0.034791603684425354 0.0 -0.0 0.0
3.1594529151916504 -1.8651351928710938 0.034791603684425354 0.0 -0.0 0.0
-1.8120808601379395 -2.907806396484375 0.034791603684425354 0.0 -0.0 0.0
4.31654167175293 -0.6117401123046875 0.034791603684425354 0.0 -0.0 0.0
3.159451961517334 -0.611724853515625 0.034791603684425354 0.0 -0.0 0.0
-1.8120808601379395 -1.6544113159179688 0.034791603684425354 0.0 -0.0 0.0
4.31654167175293 0.64166259765625 0.034791603684425354 0.0 -0.0 0.0
3.159451961517334 0.6416702270507812 0.034791603684425354 0.0 -0.0 0.0
-1.8120808601379395 -0.40100860595703125 0.034791603684425354 0.0 -0.0 0.0
4.316539764404297 1.89508056640625 0.034791603684425354 0.0 -0.0 0.0
3.159452438354492 1.8950881958007812 0.034791603684425354 0.0 -0.0 0.0
2.9407896995544434 -20.00115966796875 0.034791603684425354 0.0 -0.0 0.0
-1.8120808601379395 0.8524246215820312 0.034791603684425354 0.0 -0.0 0.0
4.316539764404297 3.1485061645507812 0.034791603684425354 0.0 -0.0 0.0
3.159452438354492 3.1485061645507812 0.034791603684425354 0.0 -0.0 0.0
2.9407896995544434 -18.747772216796875 0.034791603684425354 0.0 -0.0 0.0
-1.812079906463623 2.1058120727539062 0.034791603684425354 0.0 -0.0 0.0
4.316539764404297 4.401908874511719 0.034791603684425354 0.0 -0.0 0.0
3.1594533920288086 4.401893615722656 0.034791603684425354 0.0 -0.0 0.0
3.618532180786133 5.3924407958984375 0.034791603684425354 0.0 -0.0 0.0
2.461444854736328 5.3924407958984375 0.034791603684425354 0.0 -0.0 0.0
1.3043699264526367 5.392425537109375 0.034791603684425354 0.0 -0.0 0.0
0.14728164672851562 5.3924407958984375 0.034791603684425354 0.0 -0.0 0.0
-1.009793758392334 5.3924407958984375 0.034791603684425354 0.0 -0.0 0.0
-2.166870594024658 5.3924560546875 0.034791603684425354 0.0 -0.0 0.0
-1.8120827674865723 3.3592300415039062 0.034791603684425354 0.0 -0.0 0.0
21.787456512451172 -19.675704956054688 0.034791603684425354 0.0 -0.0 0.0
20.63037109375 -18.42230224609375 0.034791603684425354 0.0 -0.0 0.0
