Corn1  -61.544456481933594  65.49588012695312  -0.6281000375747681
Corn6  61.96812438964844  168.00521850585938  -0.6281000375747681
Corn7  0.319000244140625  218.60438537597656  -0.6281000375747681
Corn13  63.151763916015625  370.57550048828125  -0.6281000375747681
Corn14  -60.041839599609375  370.57550048828125  -0.6281000375747681
Corn8  123.74822998046875  218.60438537597656  -0.6281000375747681
Corn5  -61.011146545410156  168.00521850585938  -0.6281000375747681
Corn2  58.775211334228516  65.49588012695312  -0.6281000375747681
Corn3  -122.87460327148438  117.13990783691406  -0.6281000375747681
Corn4  0.281809538602829  117.13990783691406  -0.6281000375747681
Corn_Start  0.0  14.387438774108887  -0.6281000375747681
Corn9  -61.287696838378906  269.69287109375  -0.6281000375747681
Corn10  62.14153289794922  269.69287109375  -0.6281000375747681
Corn12  0.319000244140625  320.0300598144531  -0.6281000375747681
Corn11  123.74822998046875  320.0300598144531  -0.6281000375747681
