2.9973812103271484 9.280477523803711 0.5832300186157227 3.1415932178497314 -0.0 3.1415929794311523
2.9973819255828857 7.535455703735352 0.5832290053367615 3.1415932178497314 -0.0 3.1415929794311523
-2.9425048828125 9.280477523803711 0.5832300186157227 3.1415932178497314 -0.0 3.1415929794311523
-2.9425041675567627 7.535455703735352 0.5832290053367615 3.1415932178497314 -0.0 3.1415929794311523
2.997382402420044 5.7934746742248535 0.5832280516624451 3.1415932178497314 -0.0 3.1415929794311523
2.9973831176757812 4.048453330993652 0.5832270383834839 3.1415932178497314 -0.0 3.1415929794311523
-2.9425036907196045 5.7934746742248535 0.5832280516624451 3.1415932178497314 -0.0 3.1415929794311523
-2.942502975463867 4.048453330993652 0.5832270383834839 3.1415932178497314 -0.0 3.1415929794311523
2.997382402420044 2.3046605587005615 0.5832280516624451 3.1415932178497314 -0.0 3.1415929794311523
2.9973831176757812 0.5596389770507812 0.5832270383834839 3.1415932178497314 -0.0 3.1415929794311523
-2.9425036907196045 2.3046605587005615 0.5832280516624451 3.1415932178497314 -0.0 3.1415929794311523
-2.942502975463867 0.5596389770507812 0.5832270383834839 3.1415932178497314 -0.0 3.1415929794311523
2.997382402420044 -1.1903400421142578 0.5832280516624451 3.1415932178497314 -0.0 3.1415929794311523
2.9973831176757812 -2.935361862182617 0.5832270383834839 3.1415932178497314 -0.0 3.1415929794311523
-2.9425036907196045 -1.1903400421142578 0.5832280516624451 3.1415932178497314 -0.0 3.1415929794311523
-2.942502975463867 -2.935361862182617 0.5832270383834839 3.1415932178497314 -0.0 3.1415929794311523
2.997382402420044 -4.735757827758789 0.5832280516624451 3.1415932178497314 -0.0 3.1415929794311523
2.9973831176757812 -6.480779647827148 0.5832270383834839 3.1415932178497314 -0.0 3.1415929794311523
-2.9425036907196045 -4.735757827758789 0.5832280516624451 3.1415932178497314 -0.0 3.1415929794311523
-2.942502975463867 -6.480779647827148 0.5832270383834839 3.1415932178497314 -0.0 3.1415929794311523
57.225738525390625 -410.0516357421875 0.5832300186157227 3.1415934562683105 -0.0 6.283185958862305
57.225738525390625 -408.306640625 0.5832290053367615 3.1415934562683105 -0.0 6.283185958862305
63.165618896484375 -410.0516357421875 0.5832300186157227 3.1415934562683105 -0.0 6.283185958862305
63.165618896484375 -408.306640625 0.5832290053367615 3.1415934562683105 -0.0 6.283185958862305
57.225738525390625 -406.564697265625 0.5832280516624451 3.1415934562683105 -0.0 6.283185958862305
57.225738525390625 -404.8196716308594 0.5832270383834839 3.1415934562683105 -0.0 6.283185958862305
63.165618896484375 -406.564697265625 0.5832280516624451 3.1415934562683105 -0.0 6.283185958862305
63.165618896484375 -404.8196716308594 0.5832270383834839 3.1415934562683105 -0.0 6.283185958862305
57.225738525390625 -403.0758361816406 0.5832280516624451 3.1415934562683105 -0.0 6.283185958862305
57.225738525390625 -401.3308410644531 0.5832270383834839 3.1415934562683105 -0.0 6.283185958862305
63.165618896484375 -403.0758361816406 0.5832280516624451 3.1415934562683105 -0.0 6.283185958862305
63.165618896484375 -401.3308410644531 0.5832270383834839 3.1415934562683105 -0.0 6.283185958862305
57.225738525390625 -399.5808410644531 0.5832280516624451 3.1415934562683105 -0.0 6.283185958862305
57.225738525390625 -397.8358459472656 0.5832270383834839 3.1415934562683105 -0.0 6.283185958862305
63.165618896484375 -399.5808410644531 0.5832280516624451 3.1415934562683105 -0.0 6.283185958862305
63.165618896484375 -397.8358459472656 0.5832270383834839 3.1415934562683105 -0.0 6.283185958862305
57.225738525390625 -396.0354309082031 0.5832280516624451 3.1415934562683105 -0.0 6.283185958862305
57.225738525390625 -394.2904357910156 0.5832270383834839 3.1415934562683105 -0.0 6.283185958862305
63.165618896484375 -396.0354309082031 0.5832280516624451 3.1415934562683105 -0.0 6.283185958862305
63.165618896484375 -394.2904357910156 0.5832270383834839 3.1415934562683105 -0.0 6.283185958862305
