3.098008632659912 10.165313720703125 0.48808884620666504 3.1415932178497314 -0.0 3.1415929794311523
3.0980093479156494 8.414701461791992 0.48808786273002625 3.1415932178497314 -0.0 3.1415929794311523
-3.058234691619873 10.165313720703125 0.48808884620666504 3.1415932178497314 -0.0 3.1415929794311523
-3.0582339763641357 8.414701461791992 0.48808786273002625 3.1415932178497314 -0.0 3.1415929794311523
3.0980098247528076 6.678310871124268 0.48808687925338745 3.1415932178497314 -0.0 3.1415929794311523
3.098010540008545 4.927699089050293 0.48808589577674866 3.1415932178497314 -0.0 3.1415929794311523
-3.0582334995269775 6.678310871124268 0.48808687925338745 3.1415932178497314 -0.0 3.1415929794311523
-3.0582327842712402 4.927699089050293 0.48808589577674866 3.1415932178497314 -0.0 3.1415929794311523
3.0980098247528076 3.1894967555999756 0.48808687925338745 3.1415932178497314 -0.0 3.1415929794311523
3.098010540008545 1.4388847351074219 0.48808589577674866 3.1415932178497314 -0.0 3.1415929794311523
-3.0582334995269775 3.1894967555999756 0.48808687925338745 3.1415932178497314 -0.0 3.1415929794311523
-3.0582327842712402 1.4388847351074219 0.48808589577674866 3.1415932178497314 -0.0 3.1415929794311523
3.0980098247528076 -0.30550384521484375 0.48808687925338745 3.1415932178497314 -0.0 3.1415929794311523
3.098010540008545 -2.0561156272888184 0.48808589577674866 3.1415932178497314 -0.0 3.1415929794311523
-3.0582334995269775 -0.30550384521484375 0.48808687925338745 3.1415932178497314 -0.0 3.1415929794311523
-3.0582327842712402 -2.0561156272888184 0.48808589577674866 3.1415932178497314 -0.0 3.1415929794311523
3.0980098247528076 -3.850921630859375 0.48808687925338745 3.1415932178497314 -0.0 3.1415929794311523
3.098010540008545 -5.601532936096191 0.48808589577674866 3.1415932178497314 -0.0 3.1415929794311523
-3.0582334995269775 -3.850921630859375 0.48808687925338745 3.1415932178497314 -0.0 3.1415929794311523
-3.0582327842712402 -5.601532936096191 0.48808589577674866 3.1415932178497314 -0.0 3.1415929794311523
57.1251220703125 -410.9365234375 0.48808884620666504 3.1415934562683105 -0.0 6.283185958862305
57.1251220703125 -409.1859130859375 0.48808786273002625 3.1415934562683105 -0.0 6.283185958862305
63.2813720703125 -410.9365234375 0.48808884620666504 3.1415934562683105 -0.0 6.283185958862305
63.2813720703125 -409.1859130859375 0.48808786273002625 3.1415934562683105 -0.0 6.283185958862305
57.1251220703125 -407.449462890625 0.48808687925338745 3.1415934562683105 -0.0 6.283185958862305
57.1251220703125 -405.6988830566406 0.48808589577674866 3.1415934562683105 -0.0 6.283185958862305
63.2813720703125 -407.449462890625 0.48808687925338745 3.1415934562683105 -0.0 6.283185958862305
63.2813720703125 -405.6988830566406 0.48808589577674866 3.1415934562683105 -0.0 6.283185958862305
57.1251220703125 -403.9606628417969 0.48808687925338745 3.1415934562683105 -0.0 6.283185958862305
57.1251220703125 -402.2100524902344 0.48808589577674866 3.1415934562683105 -0.0 6.283185958862305
63.2813720703125 -403.9606628417969 0.48808687925338745 3.1415934562683105 -0.0 6.283185958862305
63.281341552734375 -402.2100524902344 0.48808589577674866 3.1415934562683105 -0.0 6.283185958862305
57.1251220703125 -400.4656677246094 0.48808687925338745 3.1415934562683105 -0.0 6.283185958862305
57.1251220703125 -398.7150573730469 0.48808589577674866 3.1415934562683105 -0.0 6.283185958862305
63.2813720703125 -400.4656677246094 0.48808687925338745 3.1415934562683105 -0.0 6.283185958862305
63.281341552734375 -398.7150573730469 0.48808589577674866 3.1415934562683105 -0.0 6.283185958862305
57.1251220703125 -396.9202575683594 0.48808687925338745 3.1415934562683105 -0.0 6.283185958862305
57.1251220703125 -395.1696472167969 0.48808589577674866 3.1415934562683105 -0.0 6.283185958862305
63.2813720703125 -396.9202575683594 0.48808687925338745 3.1415934562683105 -0.0 6.283185958862305
63.281341552734375 -395.1696472167969 0.48808589577674866 3.1415934562683105 -0.0 6.283185958862305
