-11.572983741760254 -27.06334686279297 0.45326918363571167 1.5707964897155762 -0.0 -1.5707963705062866
11.572985649108887 -27.06334686279297 0.4532729387283325 1.5707964897155762 -0.0 -1.5707963705062866
-4.352230072021484 -7.553886890411377 0.4532691538333893 1.5707964897155762 -0.0 -1.5707963705062866
-6.810103893280029 -7.553886413574219 0.4532696008682251 1.5707964897155762 -0.0 -1.5707963705062866
-9.26797866821289 -7.553886413574219 0.45326995849609375 1.5707964897155762 -0.0 -1.5707963705062866
-11.725852012634277 -7.553886413574219 0.4532703757286072 1.5707964897155762 -0.0 -1.5707963705062866
-14.18372631072998 -7.553885459899902 0.4532707929611206 1.5707964897155762 -0.0 -1.5707963705062866
-16.641599655151367 -7.5538859367370605 0.45327118039131165 1.5707964897155762 -0.0 -1.5707963705062866
4.352229595184326 -7.553886890411377 0.45326775312423706 1.5707964897155762 -0.0 -1.5707963705062866
6.8101043701171875 -7.553886890411377 0.45326733589172363 1.5707964897155762 -0.0 -1.5707963705062866
9.267977714538574 -7.553886890411377 0.4532669484615326 1.5707964897155762 -0.0 -1.5707963705062866
11.725850105285645 -7.553886890411377 0.45326656103134155 1.5707964897155762 -0.0 -1.5707963705062866
14.18372631072998 -7.553887844085693 0.4532661437988281 1.5707964897155762 -0.0 -1.5707963705062866
16.641599655151367 -7.553887367248535 0.4532657563686371 1.5707964897155762 -0.0 -1.5707963705062866
-16.545917510986328 -19.817073822021484 0.45326918363571167 1.5707964897155762 -0.0 -1.5707963705062866
-14.088042259216309 -19.817073822021484 0.4532695710659027 1.5707964897155762 -0.0 -1.5707963705062866
16.545917510986328 -19.817073822021484 0.45327454805374146 1.5707964897155762 -0.0 -1.5707963705062866
14.088044166564941 -19.817073822021484 0.4532741606235504 1.5707964897155762 -0.0 -1.5707963705062866
-9.13601303100586 -34.42127227783203 0.45326918363571167 1.5707964897155762 -0.0 -1.5707963705062866
-6.678139686584473 -34.42127227783203 0.4532695710659027 1.5707964897155762 -0.0 -1.5707963705062866
8.900839805603027 -34.42127227783203 0.45327210426330566 1.5707964897155762 -0.0 -1.5707963705062866
6.442965507507324 -34.42127227783203 0.45327168703079224 1.5707964897155762 -0.0 -1.5707963705062866
-3.873194932937622 -36.91392517089844 0.45326918363571167 1.5707964897155762 -0.0 -1.5707963705062866
-1.4153213500976562 -36.91392517089844 0.4532695710659027 1.5707964897155762 -0.0 -1.5707963705062866
1.0425524711608887 -36.91392517089844 0.45326995849609375 1.5707964897155762 -0.0 -1.5707963705062866
3.50042724609375 -36.91392517089844 0.4532703757286072 1.5707964897155762 -0.0 -1.5707963705062866
-2.994720220565796 13.385525703430176 0.45326918363571167 1.5707964897155762 -0.0 0.0
-2.994720220565796 10.927653312683105 0.4532695412635803 1.5707964897155762 -0.0 0.0
-2.994720458984375 8.469779014587402 0.45326995849609375 1.5707964897155762 -0.0 0.0
-2.994720220565796 6.011904239654541 0.4532703757286072 1.5707964897155762 -0.0 0.0
-2.994720220565796 3.554030179977417 0.4532707631587982 1.5707964897155762 -0.0 0.0
-2.994719982147217 1.0961565971374512 0.45327115058898926 1.5707964897155762 -0.0 0.0
-2.994720220565796 -1.361717939376831 0.4532715678215027 1.5707964897155762 -0.0 0.0
-2.994720220565796 -3.819591760635376 0.4532719850540161 1.5707964897155762 -0.0 0.0
-2.994720220565796 -6.277465343475342 0.45327237248420715 1.5707964897155762 -0.0 0.0
2.994720697402954 13.385525703430176 0.45326918363571167 1.5707964897155762 -0.0 0.0
2.994720935821533 10.927653312683105 0.4532695710659027 1.5707964897155762 -0.0 0.0
2.994720935821533 8.469778060913086 0.45326995849609375 1.5707964897155762 -0.0 0.0
2.994720935821533 6.011904239654541 0.4532703757286072 1.5707964897155762 -0.0 0.0
2.994720935821533 3.554030656814575 0.4532707631587982 1.5707964897155762 -0.0 0.0
2.9947211742401123 1.0961565971374512 0.45327115058898926 1.5707964897155762 -0.0 0.0
2.994720935821533 -1.3617180585861206 0.4532715678215027 1.5707964897155762 -0.0 0.0
2.994720935821533 -3.8195912837982178 0.4532719850540161 1.5707964897155762 -0.0 0.0
2.994720935821533 -6.277465343475342 0.45327237248420715 1.5707964897155762 -0.0 0.0
-17.808795928955078 -8.829729080200195 0.45326918363571167 1.5707964897155762 -0.0 0.0
-17.808795928955078 -11.287602424621582 0.4532695412635803 1.5707964897155762 -0.0 0.0
-17.808795928955078 -13.745476722717285 0.45326995849609375 1.5707964897155762 -0.0 0.0
-17.808795928955078 -16.203350067138672 0.4532703757286072 1.5707964897155762 -0.0 0.0
-17.808795928955078 -18.661224365234375 0.4532707631587982 1.5707964897155762 -0.0 0.0
17.808795928955078 -8.829729080200195 0.45326918363571167 1.5707964897155762 -0.0 0.0
17.808795928955078 -11.287602424621582 0.4532695710659027 1.5707964897155762 -0.0 0.0
17.808795928955078 -13.745476722717285 0.45326998829841614 1.5707964897155762 -0.0 0.0
17.808795928955078 -16.203350067138672 0.4532703757286072 1.5707964897155762 -0.0 0.0
17.808795928955078 -18.661224365234375 0.4532707631587982 1.5707964897155762 -0.0 0.0
-12.813626289367676 -21.120805740356445 0.45326918363571167 1.5707964897155762 -0.0 0.0
-12.813627243041992 -23.57868003845215 0.4532695412635803 1.5707964897155762 -0.0 0.0
-12.813627243041992 -26.03655433654785 0.45326995849609375 1.5707964897155762 -0.0 0.0
12.813628196716309 -21.120805740356445 0.45326918363571167 1.5707964897155762 -0.0 0.0
12.813628196716309 -23.57868003845215 0.4532695710659027 1.5707964897155762 -0.0 0.0
12.813628196716309 -26.03655433654785 0.45326995849609375 1.5707964897155762 -0.0 0.0
-10.286986351013184 -28.375295639038086 0.45326918363571167 1.5707964897155762 -0.0 0.0
-10.286986351013184 -30.833171844482422 0.4532695710659027 1.5707964897155762 -0.0 0.0
-10.2869873046875 -33.291046142578125 0.45326995849609375 1.5707964897155762 -0.0 0.0
10.286986351013184 -28.375295639038086 0.4532691538333893 1.5707964897155762 -0.0 0.0
10.286985397338867 -30.833171844482422 0.4532695412635803 1.5707964897155762 -0.0 0.0
10.286985397338867 -33.291046142578125 0.45326995849609375 1.5707964897155762 -0.0 0.0
-5.20253324508667 -35.73459243774414 0.45326918363571167 1.5707964897155762 -0.0 0.0
4.954581260681152 -35.67951965332031 0.45326918363571167 1.5707964897155762 -0.0 0.0