-12.815799713134766 -27.233062744140625 0.4801337420940399 1.5707964897155762 -0.0 -1.5707963705062866
12.815801620483398 -27.233062744140625 0.4801379144191742 1.5707964897155762 -0.0 -1.5707963705062866
-3.164438486099243 14.628342628479004 0.4801337718963623 1.5707964897155762 -0.0 -1.5707963705062866
-3.164438486099243 12.1704683303833 0.48013415932655334 1.5707964897155762 -0.0 -1.5707963705062866
-3.164438486099243 9.71259593963623 0.4801345765590668 1.5707964897155762 -0.0 -1.5707963705062866
-3.164438486099243 7.254721164703369 0.4801349639892578 1.5707964897155762 -0.0 -1.5707963705062866
-3.164438247680664 4.796847343444824 0.48013538122177124 1.5707964897155762 -0.0 -1.5707963705062866
-3.164438486099243 2.338972806930542 0.4801357686519623 1.5707964897155762 -0.0 -1.5707963705062866
-3.164438486099243 -0.11890169233083725 0.4801361858844757 1.5707964897155762 -0.0 -1.5707963705062866
-3.164438486099243 -2.576775550842285 0.48013660311698914 1.5707964897155762 -0.0 -1.5707963705062866
-3.164438247680664 -5.034648895263672 0.4801369309425354 1.5707964897155762 -0.0 -1.5707963705062866
3.1644394397735596 14.628342628479004 0.4801337718963623 1.5707964897155762 -0.0 -1.5707963705062866
3.1644394397735596 12.1704683303833 0.48013418912887573 1.5707964897155762 -0.0 -1.5707963705062866
3.1644392013549805 9.71259593963623 0.480134516954422 1.5707964897155762 -0.0 -1.5707963705062866
3.1644392013549805 7.254721164703369 0.4801349341869354 1.5707964897155762 -0.0 -1.5707963705062866
3.1644394397735596 4.796846866607666 0.48013532161712646 1.5707964897155762 -0.0 -1.5707963705062866
3.1644392013549805 2.338973045349121 0.4801357388496399 1.5707964897155762 -0.0 -1.5707963705062866
3.1644394397735596 -0.11890168488025665 0.48013612627983093 1.5707964897155762 -0.0 -1.5707963705062866
3.1644392013549805 -2.576775550842285 0.48013654351234436 1.5707964897155762 -0.0 -1.5707963705062866
3.1644396781921387 -5.03464937210083 0.4801369607448578 1.5707964897155762 -0.0 -1.5707963705062866
-3.1094138622283936 -7.384167671203613 0.4801337718963623 1.5707964897155762 -0.0 -1.5707963705062866
-5.567287921905518 -7.384167194366455 0.48013418912887573 1.5707964897155762 -0.0 -1.5707963705062866
-8.025161743164062 -7.384167194366455 0.4801345765590668 1.5707964897155762 -0.0 -1.5707963705062866
-10.483036041259766 -7.384167194366455 0.4801349937915802 1.5707964897155762 -0.0 -1.5707963705062866
-12.940909385681152 -7.384167194366455 0.48013532161712646 1.5707964897155762 -0.0 -1.5707963705062866
-15.398782730102539 -7.384166717529297 0.4801357388496399 1.5707964897155762 -0.0 -1.5707963705062866
3.1094136238098145 -7.384167671203613 0.4801327586174011 1.5707964897155762 -0.0 -1.5707963705062866
5.567287921905518 -7.3841681480407715 0.4801323413848877 1.5707964897155762 -0.0 -1.5707963705062866
8.025161743164062 -7.3841681480407715 0.48013195395469666 1.5707964897155762 -0.0 -1.5707963705062866
10.48303508758545 -7.3841681480407715 0.4801315367221832 1.5707964897155762 -0.0 -1.5707963705062866
12.940908432006836 -7.3841681480407715 0.4801311492919922 1.5707964897155762 -0.0 -1.5707963705062866
15.398782730102539 -7.384169578552246 0.48013079166412354 1.5707964897155762 -0.0 -1.5707963705062866
-17.978513717651367 -7.586912631988525 0.4801337718963623 1.5707964897155762 -0.0 -1.5707963705062866
-17.978513717651367 -10.04478645324707 0.48013418912887573 1.5707964897155762 -0.0 -1.5707963705062866
-17.978513717651367 -12.502660751342773 0.4801345765590668 1.5707964897155762 -0.0 -1.5707963705062866
-17.978513717651367 -14.960535049438477 0.48013558983802795 1.5707964897155762 -0.0 -1.5707963705062866
-17.978513717651367 -17.418407440185547 0.480135977268219 1.5707964897155762 -0.0 -1.5707963705062866
17.978513717651367 -7.586913108825684 0.4801337718963623 1.5707964897155762 -0.0 -1.5707963705062866
17.978513717651367 -10.04478645324707 0.48013415932655334 1.5707964897155762 -0.0 -1.5707963705062866
17.978513717651367 -12.502660751342773 0.480134516954422 1.5707964897155762 -0.0 -1.5707963705062866
17.978513717651367 -14.960533142089844 0.48013558983802795 1.5707964897155762 -0.0 -1.5707963705062866
17.978513717651367 -17.41840934753418 0.480135977268219 1.5707964897155762 -0.0 -1.5707963705062866
-17.788734436035156 -19.986791610717773 0.4801337420940399 1.5707964897155762 -0.0 -1.5707963705062866
-15.330859184265137 -19.986791610717773 0.48013412952423096 1.5707964897155762 -0.0 -1.5707963705062866
17.788734436035156 -19.986791610717773 0.48013952374458313 1.5707964897155762 -0.0 -1.5707963705062866
15.33086109161377 -19.986791610717773 0.4801391363143921 1.5707964897155762 -0.0 -1.5707963705062866
-12.983345985412598 -19.877988815307617 0.4801337718963623 1.5707964897155762 -0.0 -1.5707963705062866
-12.983345031738281 -22.33586311340332 0.48013415932655334 1.5707964897155762 -0.0 -1.5707963705062866
-12.983345985412598 -24.793737411499023 0.4801345765590668 1.5707964897155762 -0.0 -1.5707963705062866
12.983345985412598 -19.877988815307617 0.4801337718963623 1.5707964897155762 -0.0 -1.5707963705062866
12.983345985412598 -22.33586311340332 0.48013415932655334 1.5707964897155762 -0.0 -1.5707963705062866
12.983345985412598 -24.793737411499023 0.4801345765590668 1.5707964897155762 -0.0 -1.5707963705062866
-10.456704139709473 -27.132478713989258 0.4801338315010071 1.5707964897155762 -0.0 -1.5707963705062866
-10.456706047058105 -29.590356826782227 0.48013484477996826 1.5707964897155762 -0.0 -1.5707963705062866
-10.456705093383789 -32.0482292175293 0.480133980512619 1.5707964897155762 -0.0 -1.5707963705062866
10.456704139709473 -27.132478713989258 0.4801338016986847 1.5707964897155762 -0.0 -1.5707963705062866
10.456704139709473 -29.590356826782227 0.4801348149776459 1.5707964897155762 -0.0 -1.5707963705062866
10.456703186035156 -32.0482292175293 0.4801340103149414 1.5707964897155762 -0.0 -1.5707963705062866
-10.378829956054688 -34.59099197387695 0.4801337420940399 1.5707964897155762 -0.0 -1.5707963705062866
-7.920956134796143 -34.59099197387695 0.48013415932655334 1.5707964897155762 -0.0 -1.5707963705062866
10.143655776977539 -34.59099197387695 0.48013707995414734 1.5707964897155762 -0.0 -1.5707963705062866
7.685781955718994 -34.59099197387695 0.4801366925239563 1.5707964897155762 -0.0 -1.5707963705062866
-5.372251510620117 -34.49177551269531 0.48013320565223694 1.5707964897155762 -0.0 -1.5707963705062866
5.143333435058594 -34.49177551269531 0.48013320565223694 1.5707964897155762 -0.0 -1.5707963705062866
-5.116011619567871 -37.08364486694336 0.4801338016986847 1.5707964897155762 -0.0 -1.5707963705062866
-2.658137559890747 -37.08364486694336 0.48013418912887573 1.5707964897155762 -0.0 -1.5707963705062866
-0.20026375353336334 -37.08364486694336 0.48013460636138916 1.5707964897155762 -0.0 -1.5707963705062866
2.25761079788208 -37.08364486694336 0.4801349937915802 1.5707964897155762 -0.0 -1.5707963705062866
4.858376979827881 -37.08364486694336 0.48013541102409363 1.5707964897155762 -0.0 -1.5707963705062866
