3.2112181186676025 -2.2861175537109375 0.5830153822898865 1.5707964897155762 -0.0 -1.5707963705062866
-9.016817092895508 -4.0511884689331055 0.5830153822898865 1.5707964897155762 -0.0 0.0
1.4646607637405396 -2.2861175537109375 0.5830150842666626 1.5707964897155762 -0.0 -1.5707963705062866
-0.28189659118652344 -2.2861175537109375 0.5830147862434387 1.5707964897155762 -0.0 -1.5707963705062866
-2.028454065322876 -2.2861175537109375 0.5830144882202148 1.5707964897155762 -0.0 -1.5707963705062866
-3.7750113010406494 -2.2861175537109375 0.5830142498016357 1.5707964897155762 -0.0 -1.5707963705062866
-5.52156925201416 -2.2861170768737793 0.5830139517784119 1.5707964897155762 -0.0 -1.5707963705062866
-7.268126487731934 -2.2861170768737793 0.583013653755188 1.5707964897155762 -0.0 -1.5707963705062866
-9.014683723449707 -2.2861170768737793 0.5830134153366089 1.5707964897155762 -0.0 -1.5707963705062866
3.2112183570861816 1.8913145065307617 0.5830153822898865 1.5707964897155762 -0.0 -1.5707963705062866
1.464660882949829 1.8913145065307617 0.5830150842666626 1.5707964897155762 -0.0 -1.5707963705062866
-0.28189635276794434 1.8913145065307617 0.5830148458480835 1.5707964897155762 -0.0 -1.5707963705062866
-2.028454065322876 1.8913145065307617 0.5830144882202148 1.5707964897155762 -0.0 -1.5707963705062866
-3.7750113010406494 1.8913145065307617 0.5830142498016357 1.5707964897155762 -0.0 -1.5707963705062866
-5.52156925201416 1.8913145065307617 0.5830139517784119 1.5707964897155762 -0.0 -1.5707963705062866
-7.268126487731934 1.8913145065307617 0.583013653755188 1.5707964897155762 -0.0 -1.5707963705062866
-9.014683723449707 1.8913145065307617 0.5830134153366089 1.5707964897155762 -0.0 -1.5707963705062866
-87.48796844482422 -31.960205078125 0.5830153822898865 1.5707964897155762 -0.0 1.5707963705062866
-87.48796844482422 -31.960205078125 0.5830153822898865 1.5707964897155762 -0.0 1.5707963705062866
-66.40997314453125 11.151491165161133 0.5830153822898865 1.5707964897155762 -0.0 1.5707963705062866
-52.84761047363281 9.681690216064453 0.5830153822898865 1.5707964897155762 -0.0 0.0
-87.54124450683594 -21.715465545654297 0.5830153822898865 1.5707964897155762 -0.0 1.5707963705062866
-9.023809432983398 26.297746658325195 0.5830153822898865 1.5707964897155762 -0.0 0.0
-28.14815902709961 40.412105560302734 0.5830153822898865 1.5707964897155762 -0.0 1.5698339939117432
-66.1972885131836 39.17363357543945 0.5830153822898865 1.5707964897155762 -0.0 0.0
-66.27693939208984 64.90095520019531 0.5830153822898865 1.5707964897155762 -0.0 0.00350940297357738
-55.960723876953125 66.57349395751953 0.5830153822898865 1.5707964897155762 -0.0 -0.004239921923726797
-9.016817092895508 -5.797745704650879 0.5830150842666626 1.5707964897155762 -0.0 0.0
-9.016817092895508 -7.544302940368652 0.5830148458480835 1.5707964897155762 -0.0 0.0
-9.016817092895508 -9.290862083435059 0.5830145478248596 1.5707964897155762 -0.0 0.0
-9.016817092895508 -11.037418365478516 0.5830142498016357 1.5707964897155762 -0.0 0.0
-9.016817092895508 -12.783976554870605 0.5830139517784119 1.5707964897155762 -0.0 0.0
-9.016817092895508 -14.530533790588379 0.5830137133598328 1.5707964897155762 -0.0 0.0
-9.016817092895508 -16.277090072631836 0.5830134153366089 1.5707964897155762 -0.0 0.0
-9.016817092895508 -18.023645401000977 0.583013117313385 1.5707964897155762 -0.0 0.0
-9.016817092895508 -19.770204544067383 0.5830128192901611 1.5707964897155762 -0.0 0.0
-9.016817092895508 -21.516761779785156 0.5830125212669373 1.5707964897155762 -0.0 0.0
-9.016817092895508 -23.26331901550293 0.5830122828483582 1.5707964897155762 -0.0 0.0
-9.016817092895508 -25.009876251220703 0.5830119848251343 1.5707964897155762 -0.0 0.0
-9.016817092895508 -26.756433486938477 0.5830116868019104 1.5707964897155762 -0.0 0.0
-9.016817092895508 -28.502988815307617 0.5830113887786865 1.5707964897155762 -0.0 0.0
-9.016817092895508 -30.249547958374023 0.5830111503601074 1.5707964897155762 -0.0 0.0
-9.016817092895508 -31.996105194091797 0.5830108523368835 1.5707964897155762 -0.0 0.0
-85.74140930175781 -31.960205078125 0.5830150842666626 1.5707964897155762 -0.0 1.5707963705062866
-83.99485778808594 -31.960205078125 0.5830147862434387 1.5707964897155762 -0.0 1.5707963705062866
-82.24829864501953 -31.960205078125 0.5830145478248596 1.5707964897155762 -0.0 1.5707963705062866
-80.50173950195312 -31.960205078125 0.5830142498016357 1.5707964897155762 -0.0 1.5707963705062866
-78.75518035888672 -31.960205078125 0.5830139517784119 1.5707964897155762 -0.0 1.5707963705062866
-77.00862121582031 -31.960205078125 0.583013653755188 1.5707964897155762 -0.0 1.5707963705062866
-75.26206970214844 -31.960205078125 0.5830134153366089 1.5707964897155762 -0.0 1.5707963705062866
-73.51551055908203 -31.960205078125 0.583013117313385 1.5707964897155762 -0.0 1.5707963705062866
-71.76895141601562 -31.960205078125 0.5830128192901611 1.5707964897155762 -0.0 1.5707963705062866
-70.02239990234375 -31.960201263427734 0.5830125212669373 1.5707964897155762 -0.0 1.5707963705062866
-68.27583312988281 -31.960201263427734 0.5830122232437134 1.5707964897155762 -0.0 1.5707963705062866
-66.52928161621094 -31.960201263427734 0.5830119848251343 1.5707964897155762 -0.0 1.5707963705062866
-64.78272247314453 -31.960201263427734 0.5830116868019104 1.5707964897155762 -0.0 1.5707963705062866
-63.036163330078125 -31.960201263427734 0.5830113887786865 1.5707964897155762 -0.0 1.5707963705062866
-61.289608001708984 -31.960201263427734 0.5830110907554626 1.5707964897155762 -0.0 1.5707963705062866
-59.54304885864258 -31.960201263427734 0.5830108523368835 1.5707964897155762 -0.0 1.5707963705062866
-57.79649353027344 -31.960201263427734 0.5830105543136597 1.5707964897155762 -0.0 1.5707963705062866
-56.04993438720703 -31.960201263427734 0.5830102562904358 1.5707964897155762 -0.0 1.5707963705062866
-54.30337905883789 -31.960201263427734 0.5830099582672119 1.5707964897155762 -0.0 1.5707963705062866
-52.556819915771484 -31.960201263427734 0.583009660243988 1.5707964897155762 -0.0 1.5707963705062866
-50.81026077270508 -31.960201263427734 0.5830094218254089 1.5707964897155762 -0.0 1.5707963705062866
-49.06370162963867 -31.960201263427734 0.5830091238021851 1.5707964897155762 -0.0 1.5707963705062866
-47.317142486572266 -31.960201263427734 0.5830088257789612 1.5707964897155762 -0.0 1.5707963705062866
-45.57058334350586 -31.960201263427734 0.5830085277557373 1.5707964897155762 -0.0 1.5707963705062866
-43.82402420043945 -31.960201263427734 0.5830082893371582 1.5707964897155762 -0.0 1.5707963705062866
-42.07746505737305 -31.960201263427734 0.5830079913139343 1.5707964897155762 -0.0 1.5707963705062866
-40.33090591430664 -31.960201263427734 0.5830076932907104 1.5707964897155762 -0.0 1.5707963705062866
-38.584346771240234 -31.960201263427734 0.5830073952674866 1.5707964897155762 -0.0 1.5707963705062866
-36.837791442871094 -31.960201263427734 0.5830071568489075 1.5707964897155762 -0.0 1.5707963705062866
-35.09123229980469 -31.960201263427734 0.5830068588256836 1.5707964897155762 -0.0 1.5707963705062866
-33.344669342041016 -31.960201263427734 0.5830065608024597 1.5707964897155762 -0.0 1.5707963705062866
-31.59811019897461 -31.960201263427734 0.5830062627792358 1.5707964897155762 -0.0 1.5707963705062866
-29.851551055908203 -31.960201263427734 0.583005964756012 1.5707964897155762 -0.0 1.5707963705062866
-28.104991912841797 -31.960201263427734 0.5830057263374329 1.5707964897155762 -0.0 1.5707963705062866
-26.35843276977539 -31.960201263427734 0.583005428314209 1.5707964897155762 -0.0 1.5707963705062866
-24.611873626708984 -31.960201263427734 0.5830051302909851 1.5707964897155762 -0.0 1.5707963705062866
-22.865318298339844 -31.960201263427734 0.5830048322677612 1.5707964897155762 -0.0 1.5707963705062866
-21.118759155273438 -31.960201263427734 0.5830045938491821 1.5707964897155762 -0.0 1.5707963705062866
-19.37220001220703 -31.960201263427734 0.5830042958259583 1.5707964897155762 -0.0 1.5707963705062866
-17.625640869140625 -31.960201263427734 0.5830039978027344 1.5707964897155762 -0.0 1.5707963705062866
-15.879081726074219 -31.960201263427734 0.5830036997795105 1.5707964897155762 -0.0 1.5707963705062866
-14.132522583007812 -31.960201263427734 0.5830034017562866 1.5707964897155762 -0.0 1.5707963705062866
-12.385963439941406 -31.960201263427734 0.5830031633377075 1.5707964897155762 -0.0 1.5707963705062866
-10.639404296875 -31.960201263427734 0.5830028653144836 1.5707964897155762 -0.0 1.5707963705062866
-64.66341400146484 11.151491165161133 0.5830150842666626 1.5707964897155762 -0.0 1.5707963705062866
-62.9168586730957 11.151491165161133 0.5830147862434387 1.5707964897155762 -0.0 1.5707963705062866
-61.17030334472656 11.151491165161133 0.5830144882202148 1.5707964897155762 -0.0 1.5707963705062866
-59.423744201660156 11.151491165161133 0.5830142498016357 1.5707964897155762 -0.0 1.5707963705062866
-57.677188873291016 11.151491165161133 0.5830139517784119 1.5707964897155762 -0.0 1.5707963705062866
-55.93062973022461 11.151491165161133 0.583013653755188 1.5707964897155762 -0.0 1.5707963705062866
-54.18407440185547 11.151491165161133 0.5830133557319641 1.5707964897155762 -0.0 1.5707963705062866
-54.302608489990234 40.36677932739258 0.5830150842666626 1.5707964897155762 -0.0 1.5707963705062866
-52.55604934692383 40.36677932739258 0.5830147862434387 1.5707964897155762 -0.0 1.5707963705062866
-50.80949020385742 40.36677932739258 0.5830144882202148 1.5707964897155762 -0.0 1.5707963705062866
-49.06293487548828 40.36677932739258 0.5830142498016357 1.5707964897155762 -0.0 1.5707963705062866
-47.316375732421875 40.36677932739258 0.5830139517784119 1.5707964897155762 -0.0 1.5707963705062866
-45.569820404052734 40.36677932739258 0.583013653755188 1.5707964897155762 -0.0 1.5707963705062866
-43.82326126098633 40.36677932739258 0.5830133557319641 1.5707964897155762 -0.0 1.5707963705062866
-42.07670593261719 40.36677932739258 0.583013117313385 1.5707964897155762 -0.0 1.5707963705062866
-40.33014678955078 40.36677932739258 0.5830128192901611 1.5707964897155762 -0.0 1.5707963705062866
-38.58359146118164 40.36677932739258 0.5830125212669373 1.5707964897155762 -0.0 1.5707963705062866
-36.837032318115234 40.36677932739258 0.5830122232437134 1.5707964897155762 -0.0 1.5707963705062866
-35.090476989746094 40.36677932739258 0.5830119848251343 1.5707964897155762 -0.0 1.5707963705062866
-33.34391784667969 40.36677932739258 0.5830116868019104 1.5707964897155762 -0.0 1.5707963705062866
-31.597360610961914 40.36677932739258 0.5830113887786865 1.5707964897155762 -0.0 1.5707963705062866
-29.85080337524414 40.36677932739258 0.5830110907554626 1.5707964897155762 -0.0 1.5707963705062866
-52.84761047363281 7.935133934020996 0.5830150842666626 1.5707964897155762 -0.0 0.0
-52.84761047363281 6.188576698303223 0.5830147862434387 1.5707964897155762 -0.0 0.0
-52.84761047363281 4.442018508911133 0.5830145478248596 1.5707964897155762 -0.0 0.0
-52.84761047363281 2.6954612731933594 0.5830142498016357 1.5707964897155762 -0.0 0.0
-52.84761047363281 0.9489030241966248 0.5830139517784119 1.5707964897155762 -0.0 0.0
-52.84761047363281 -0.7976532578468323 0.583013653755188 1.5707964897155762 -0.0 0.0
-52.84761047363281 -2.5442099571228027 0.5830134153366089 1.5707964897155762 -0.0 0.0
-52.84761047363281 -4.290767669677734 0.583013117313385 1.5707964897155762 -0.0 0.0
-52.84761047363281 -6.037324905395508 0.5830128192901611 1.5707964897155762 -0.0 0.0
-52.84761047363281 -7.783883094787598 0.5830125212669373 1.5707964897155762 -0.0 0.0
-52.84761047363281 -9.530441284179688 0.5830122232437134 1.5707964897155762 -0.0 0.0
-52.84761047363281 -11.276998519897461 0.5830119848251343 1.5707964897155762 -0.0 0.0
-52.84761047363281 -13.023555755615234 0.5830116868019104 1.5707964897155762 -0.0 0.0
-52.84761047363281 -14.770112991333008 0.5830113887786865 1.5707964897155762 -0.0 0.0
-52.84761047363281 -16.51666831970215 0.5830110907554626 1.5707964897155762 -0.0 0.0
-52.84761047363281 -18.263225555419922 0.5830108523368835 1.5707964897155762 -0.0 0.0
-52.84761047363281 -20.009782791137695 0.5830105543136597 1.5707964897155762 -0.0 0.0
-52.84761047363281 -21.75634002685547 0.5830102562904358 1.5707964897155762 -0.0 0.0
-85.79468536376953 -21.715465545654297 0.5830151438713074 1.5707964897155762 -0.0 1.5707963705062866
-84.04813385009766 -21.715465545654297 0.5830148458480835 1.5707964897155762 -0.0 1.5707963705062866
-82.30157470703125 -21.715465545654297 0.5830145478248596 1.5707964897155762 -0.0 1.5707963705062866
-80.55501556396484 -21.715463638305664 0.5830142498016357 1.5707964897155762 -0.0 1.5707963705062866
-78.80845642089844 -21.715463638305664 0.5830139517784119 1.5707964897155762 -0.0 1.5707963705062866
-77.06190490722656 -21.715463638305664 0.5830137133598328 1.5707964897155762 -0.0 1.5707963705062866
-75.31534576416016 -21.715463638305664 0.5830134153366089 1.5707964897155762 -0.0 1.5707963705062866
-73.56878662109375 -21.715463638305664 0.583013117313385 1.5707964897155762 -0.0 1.5707963705062866
-71.82222747802734 -21.715463638305664 0.5830128192901611 1.5707964897155762 -0.0 1.5707963705062866
-70.07567596435547 -21.715463638305664 0.583012580871582 1.5707964897155762 -0.0 1.5707963705062866
-68.32911682128906 -21.715463638305664 0.5830122828483582 1.5707964897155762 -0.0 1.5707963705062866
-66.58255767822266 -21.715463638305664 0.5830119848251343 1.5707964897155762 -0.0 1.5707963705062866
-64.83599853515625 -21.715463638305664 0.5830116868019104 1.5707964897155762 -0.0 1.5707963705062866
-63.08944320678711 -21.715463638305664 0.5830113887786865 1.5707964897155762 -0.0 1.5707963705062866
-61.34288787841797 -21.715463638305664 0.5830111503601074 1.5707964897155762 -0.0 1.5707963705062866
-59.59632873535156 -21.715463638305664 0.5830108523368835 1.5707964897155762 -0.0 1.5707963705062866
-57.84977340698242 -21.715463638305664 0.5830105543136597 1.5707964897155762 -0.0 1.5707963705062866
-56.103214263916016 -21.715463638305664 0.5830102562904358 1.5707964897155762 -0.0 1.5707963705062866
-54.356658935546875 -21.715463638305664 0.5830100178718567 1.5707964897155762 -0.0 1.5707963705062866
-9.023809432983398 24.551191329956055 0.5830150842666626 1.5707964897155762 -0.0 0.0
-9.023809432983398 22.80463218688965 0.5830147862434387 1.5707964897155762 -0.0 0.0
-9.023809432983398 21.058074951171875 0.5830145478248596 1.5707964897155762 -0.0 0.0
-9.023809432983398 19.3115177154541 0.5830142498016357 1.5707964897155762 -0.0 0.0
-9.023809432983398 17.564960479736328 0.5830139517784119 1.5707964897155762 -0.0 0.0
-9.023809432983398 15.818401336669922 0.583013653755188 1.5707964897155762 -0.0 0.0
-9.023809432983398 14.071844100952148 0.5830134153366089 1.5707964897155762 -0.0 0.0
-9.023809432983398 12.325286865234375 0.583013117313385 1.5707964897155762 -0.0 0.0
-9.023809432983398 10.578729629516602 0.5830128192901611 1.5707964897155762 -0.0 0.0
-9.023809432983398 8.832172393798828 0.5830125212669373 1.5707964897155762 -0.0 0.0
-9.023809432983398 7.085614204406738 0.5830122232437134 1.5707964897155762 -0.0 0.0
-9.023809432983398 5.339057922363281 0.5830119848251343 1.5707964897155762 -0.0 0.0
-9.023809432983398 3.592500686645508 0.5830116868019104 1.5707964897155762 -0.0 0.0
-26.40160369873047 40.410423278808594 0.5830150842666626 1.5707964897155762 -0.0 1.5698339939117432
-24.655048370361328 40.40874099731445 0.5830147862434387 1.5707964897155762 -0.0 1.5698339939117432
-22.908489227294922 40.40706253051758 0.5830144882202148 1.5707964897155762 -0.0 1.5698339939117432
-21.16193389892578 40.40538024902344 0.5830142498016357 1.5707964897155762 -0.0 1.5698339939117432
-19.415374755859375 40.4036979675293 0.5830139517784119 1.5707964897155762 -0.0 1.5698339939117432
-17.66881561279297 40.402015686035156 0.583013653755188 1.5707964897155762 -0.0 1.5698339939117432
-15.922263145446777 40.40033721923828 0.5830133557319641 1.5707964897155762 -0.0 1.5698339939117432
-14.175705909729004 40.398658752441406 0.5830130577087402 1.5707964897155762 -0.0 1.5698339939117432
-12.42914867401123 40.396976470947266 0.5830128192901611 1.5707964897155762 -0.0 1.5698339939117432
-10.682591438293457 40.39529800415039 0.5830125212669373 1.5707964897155762 -0.0 1.5698339939117432
-8.936036109924316 40.280460357666016 0.5830122232437134 1.5707964897155762 -0.0 1.5698339939117432
-8.95324420928955 27.956214904785156 0.5830119252204895 1.5707964897155762 -0.0 1.5698339939117432
-66.1972885131836 37.42707824707031 0.5830150842666626 1.5707964897155762 -0.0 0.0
-66.1972885131836 35.680519104003906 0.5830147862434387 1.5707964897155762 -0.0 0.0
-66.1972885131836 33.9339599609375 0.5830144882202148 1.5707964897155762 -0.0 0.0
-66.1972885131836 32.18740463256836 0.5830142498016357 1.5707964897155762 -0.0 0.0
-66.1972885131836 30.440847396850586 0.5830139517784119 1.5707964897155762 -0.0 0.0
-66.1972885131836 28.694292068481445 0.583013653755188 1.5707964897155762 -0.0 0.0
-66.1972885131836 26.94773292541504 0.5830133557319641 1.5707964897155762 -0.0 0.0
-66.1972885131836 25.2011775970459 0.583013117313385 1.5707964897155762 -0.0 0.0
-66.1972885131836 23.454618453979492 0.5830128192901611 1.5707964897155762 -0.0 0.0
-66.1972885131836 21.70806121826172 0.5830125212669373 1.5707964897155762 -0.0 0.0
-66.1972885131836 19.961503982543945 0.5830122232437134 1.5707964897155762 -0.0 0.0
-66.1972885131836 18.214948654174805 0.5830119848251343 1.5707964897155762 -0.0 0.0
-66.1972885131836 16.4683895111084 0.5830116868019104 1.5707964897155762 -0.0 0.0
-66.1972885131836 14.721830368041992 0.5830113887786865 1.5707964897155762 -0.0 0.0
-66.1972885131836 12.975273132324219 0.5830110907554626 1.5707964897155762 -0.0 0.0
-66.27081298828125 63.154415130615234 0.5830151438713074 1.5707964897155762 -0.0 0.00350940297357738
-66.26467895507812 61.407867431640625 0.5830148458480835 1.5707964897155762 -0.0 0.00350940297357738
-66.25855255126953 59.661319732666016 0.5830145478248596 1.5707964897155762 -0.0 0.00350940297357738
-66.25242614746094 57.914772033691406 0.5830142498016357 1.5707964897155762 -0.0 0.00350940297357738
-66.24629211425781 56.1682243347168 0.5830140113830566 1.5707964897155762 -0.0 0.00350940297357738
-66.24016571044922 54.42167663574219 0.5830137133598328 1.5707964897155762 -0.0 0.00350940297357738
-66.2340316772461 52.67513656616211 0.5830134153366089 1.5707964897155762 -0.0 0.00350940297357738
-66.22791290283203 50.9285888671875 0.583013117313385 1.5707964897155762 -0.0 0.00350940297357738
-66.2217788696289 49.18204116821289 0.5830128192901611 1.5707964897155762 -0.0 0.00350940297357738
-66.21565246582031 47.43549728393555 0.583012580871582 1.5707964897155762 -0.0 0.00350940297357738
-66.20951843261719 45.68894958496094 0.5830122828483582 1.5707964897155762 -0.0 0.00350940297357738
-66.20338439941406 43.94239807128906 0.5830119848251343 1.5707964897155762 -0.0 0.00350940297357738
-66.19725799560547 42.195858001708984 0.5830116868019104 1.5707964897155762 -0.0 0.00350940297357738
-66.19113159179688 40.449310302734375 0.5830114483833313 1.5707964897155762 -0.0 0.00350940297357738
-55.96812438964844 64.82694244384766 0.5830150842666626 1.5707964897155762 -0.0 -0.004239921923726797
-55.97553253173828 63.080406188964844 0.5830147862434387 1.5707964897155762 -0.0 -0.004239921923726797
-55.982933044433594 61.3338623046875 0.5830144882202148 1.5707964897155762 -0.0 -0.004239921923726797
-55.99034118652344 59.587318420410156 0.5830142498016357 1.5707964897155762 -0.0 -0.004239921923726797
-55.99775695800781 57.84077453613281 0.5830139517784119 1.5707964897155762 -0.0 -0.004239921923726797
-56.005157470703125 56.09423828125 0.583013653755188 1.5707964897155762 -0.0 -0.004239921923726797
-56.01256561279297 54.347694396972656 0.5830133557319641 1.5707964897155762 -0.0 -0.004239921923726797
-56.01995849609375 52.60115051269531 0.583013117313385 1.5707964897155762 -0.0 -0.004239921923726797
-56.027374267578125 50.8546142578125 0.5830128192901611 1.5707964897155762 -0.0 -0.004239921923726797
-56.03477478027344 49.108070373535156 0.5830125212669373 1.5707964897155762 -0.0 -0.004239921923726797
-56.04218292236328 47.361534118652344 0.5830122232437134 1.5707964897155762 -0.0 -0.004239921923726797
-56.049591064453125 45.614990234375 0.5830119848251343 1.5707964897155762 -0.0 -0.004239921923726797
-56.05699157714844 43.868446350097656 0.5830116868019104 1.5707964897155762 -0.0 -0.004239921923726797
-56.06439971923828 42.121910095214844 0.5830113887786865 1.5707964897155762 -0.0 -0.004239921923726797
-56.071800231933594 40.37535858154297 0.5830110907554626 1.5707964897155762 -0.0 -0.004239921923726797
-66.23667907714844 55.1737174987793 0.5830125212669373 1.5707964897155762 -0.0 0.00350940297357738
-9.023809432983398 38.53518295288086 0.5830153822898865 1.5707964897155762 -0.0 0.0
-9.023809432983398 36.788631439208984 0.5830150842666626 1.5707964897155762 -0.0 0.0
-9.023809432983398 35.04207229614258 0.5830147862434387 1.5707964897155762 -0.0 0.0
-9.023809432983398 33.29551315307617 0.5830145478248596 1.5707964897155762 -0.0 0.0
-9.023809432983398 31.5489559173584 0.5830142498016357 1.5707964897155762 -0.0 0.0
-9.023809432983398 29.802398681640625 0.5830139517784119 1.5707964897155762 -0.0 0.0

