54.248291015625 -58.2556037902832 0.034791603684425354 0.0 -0.0 0.0
55.327064514160156 -55.9852409362793 0.034791603684425354 0.0 -0.0 0.0
55.266510009765625 -61.04160690307617 0.034791603684425354 0.0 -0.0 0.0
54.04906463623047 -63.00058364868164 0.034791603684425354 0.0 -0.0 0.0
52.973426818847656 -60.23624801635742 0.034791603684425354 0.0 -0.0 0.0
52.84557342529297 -55.929012298583984 0.034791603684425354 0.0 -0.0 0.0
49.89409637451172 -60.433773040771484 0.034791603684425354 0.0 -0.0 0.0
49.56676483154297 -62.925987243652344 0.034791603684425354 0.0 -0.0 0.0
48.06755065917969 -58.09661865234375 0.034791603684425354 0.0 -0.0 0.0
48.62269592285156 -55.857967376708984 0.034791603684425354 0.0 -0.0 0.0
50.49720001220703 -58.156829833984375 0.034791603684425354 0.0 -0.0 0.0
51.94501495361328 -62.215450286865234 0.034791603684425354 0.0 -0.0 0.0
52.257591247558594 -57.951114654541016 0.034791603684425354 0.0 -0.0 0.0
51.19043731689453 -59.92779541015625 0.034791603684425354 0.0 -0.0 0.0
55.86109924316406 -58.22433853149414 0.034791603684425354 0.0 -0.0 0.0
51.33221435546875 -55.63857650756836 0.034791603684425354 0.0 -0.0 0.0
49.89617156982422 -56.63174057006836 0.034791603684425354 0.0 -0.0 0.0
54.39678192138672 -59.828121185302734 0.034791603684425354 0.0 -0.0 0.0
55.338157653808594 -63.6530647277832 0.034791603684425354 0.0 -0.0 0.0
56.6053581237793 -62.29948425292969 0.034791603684425354 0.0 -0.0 0.0
54.248291015625 -67.65960693359375 0.034791603684425354 0.0 -0.0 0.0
55.327064514160156 -65.38923645019531 0.034791603684425354 0.0 -0.0 0.0
55.266510009765625 -70.44560241699219 0.034791603684425354 0.0 -0.0 0.0
54.04906463623047 -72.40458679199219 0.034791603684425354 0.0 -0.0 0.0
52.973426818847656 -69.64024353027344 0.034791603684425354 0.0 -0.0 0.0
52.84557342529297 -65.3330078125 0.034791603684425354 0.0 -0.0 0.0
49.89409637451172 -69.8377685546875 0.034791603684425354 0.0 -0.0 0.0
49.56676483154297 -72.32998657226562 0.034791603684425354 0.0 -0.0 0.0
48.06755065917969 -67.50061798095703 0.034791603684425354 0.0 -0.0 0.0
48.62269592285156 -65.261962890625 0.034791603684425354 0.0 -0.0 0.0
50.49720001220703 -67.56082916259766 0.034791603684425354 0.0 -0.0 0.0
51.94501495361328 -71.61944580078125 0.034791603684425354 0.0 -0.0 0.0
52.257591247558594 -67.35511779785156 0.034791603684425354 0.0 -0.0 0.0
51.19043731689453 -69.33179473876953 0.034791603684425354 0.0 -0.0 0.0
55.86109924316406 -67.62834167480469 0.034791603684425354 0.0 -0.0 0.0
51.33221435546875 -65.04257202148438 0.034791603684425354 0.0 -0.0 0.0
49.89617156982422 -66.03573608398438 0.034791603684425354 0.0 -0.0 0.0
54.39678192138672 -69.23211669921875 0.034791603684425354 0.0 -0.0 0.0
55.338157653808594 -73.05706787109375 0.034791603684425354 0.0 -0.0 0.0
56.6053581237793 -71.70348358154297 0.034791603684425354 0.0 -0.0 0.0
61.326568603515625 -72.71552276611328 0.034791603684425354 0.0 -0.0 0.0
62.40534210205078 -70.44515228271484 0.034791603684425354 0.0 -0.0 0.0
62.34478759765625 -75.50151824951172 0.034791603684425354 0.0 -0.0 0.0
61.127342224121094 -77.46050262451172 0.034791603684425354 0.0 -0.0 0.0
60.05170440673828 -74.69615936279297 0.034791603684425354 0.0 -0.0 0.0
59.923851013183594 -70.38892364501953 0.034791603684425354 0.0 -0.0 0.0
56.972373962402344 -74.89368438720703 0.034791603684425354 0.0 -0.0 0.0
56.645042419433594 -77.38590240478516 0.034791603684425354 0.0 -0.0 0.0
55.14582824707031 -72.55653381347656 0.034791603684425354 0.0 -0.0 0.0
55.70097351074219 -70.31787872314453 0.034791603684425354 0.0 -0.0 0.0
57.575477600097656 -72.61674499511719 0.034791603684425354 0.0 -0.0 0.0
59.023292541503906 -76.67536163330078 0.034791603684425354 0.0 -0.0 0.0
59.33586883544922 -72.4110336303711 0.034791603684425354 0.0 -0.0 0.0
58.268714904785156 -74.38771057128906 0.034791603684425354 0.0 -0.0 0.0
62.93937683105469 -72.68425750732422 0.034791603684425354 0.0 -0.0 0.0
58.410491943359375 -70.0984878540039 0.034791603684425354 0.0 -0.0 0.0
56.974449157714844 -71.0916519165039 0.034791603684425354 0.0 -0.0 0.0
61.475059509277344 -74.28803253173828 0.034791603684425354 0.0 -0.0 0.0
62.41643524169922 -78.11298370361328 0.034791603684425354 0.0 -0.0 0.0
63.683631896972656 -76.7593994140625 0.034791603684425354 0.0 -0.0 0.0
72.44956970214844 -72.71552276611328 0.034791603684425354 0.0 -0.0 0.0
73.52835083007812 -70.44515228271484 0.034791603684425354 0.0 -0.0 0.0
73.46778869628906 -75.50151824951172 0.034791603684425354 0.0 -0.0 0.0
72.25035095214844 -77.46050262451172 0.034791603684425354 0.0 -0.0 0.0
71.17471313476562 -74.69615936279297 0.034791603684425354 0.0 -0.0 0.0
71.04685974121094 -70.38892364501953 0.034791603684425354 0.0 -0.0 0.0
68.09538269042969 -74.89368438720703 0.034791603684425354 0.0 -0.0 0.0
67.76805114746094 -77.38590240478516 0.034791603684425354 0.0 -0.0 0.0
66.26882934570312 -72.55653381347656 0.034791603684425354 0.0 -0.0 0.0
66.823974609375 -70.31787872314453 0.034791603684425354 0.0 -0.0 0.0
68.698486328125 -72.61674499511719 0.034791603684425354 0.0 -0.0 0.0
70.14630126953125 -76.67536163330078 0.034791603684425354 0.0 -0.0 0.0
70.45887756347656 -72.4110336303711 0.034791603684425354 0.0 -0.0 0.0
69.3917236328125 -74.38771057128906 0.034791603684425354 0.0 -0.0 0.0
74.0623779296875 -72.68425750732422 0.034791603684425354 0.0 -0.0 0.0
69.53349304199219 -70.0984878540039 0.034791603684425354 0.0 -0.0 0.0
68.09745788574219 -71.0916519165039 0.034791603684425354 0.0 -0.0 0.0
72.59806823730469 -74.28803253173828 0.034791603684425354 0.0 -0.0 0.0
73.53944396972656 -78.11298370361328 0.034791603684425354 0.0 -0.0 0.0
74.806640625 -76.7593994140625 0.034791603684425354 0.0 -0.0 0.0
67.29254150390625 -73.1199951171875 0.034791603684425354 0.0 -0.0 0.0
68.37132263183594 -70.84962463378906 0.034791603684425354 0.0 -0.0 0.0
68.31076049804688 -75.90599060058594 0.034791603684425354 0.0 -0.0 0.0
67.09332275390625 -77.86497497558594 0.034791603684425354 0.0 -0.0 0.0
66.01768493652344 -75.10063171386719 0.034791603684425354 0.0 -0.0 0.0
65.88983154296875 -70.79339599609375 0.034791603684425354 0.0 -0.0 0.0
62.9383544921875 -75.29815673828125 0.034791603684425354 0.0 -0.0 0.0
62.61102294921875 -77.79037475585938 0.034791603684425354 0.0 -0.0 0.0
61.11180114746094 -72.96100616455078 0.034791603684425354 0.0 -0.0 0.0
61.66694641113281 -70.72235107421875 0.034791603684425354 0.0 -0.0 0.0
63.54145812988281 -73.0212173461914 0.034791603684425354 0.0 -0.0 0.0
64.98927307128906 -77.079833984375 0.034791603684425354 0.0 -0.0 0.0
65.30184936523438 -72.81550598144531 0.034791603684425354 0.0 -0.0 0.0
64.23469543457031 -74.79218292236328 0.034791603684425354 0.0 -0.0 0.0
68.90534973144531 -73.08872985839844 0.034791603684425354 0.0 -0.0 0.0
64.37646484375 -70.50296020507812 0.034791603684425354 0.0 -0.0 0.0
62.9404296875 -71.49612426757812 0.034791603684425354 0.0 -0.0 0.0
67.4410400390625 -74.6925048828125 0.034791603684425354 0.0 -0.0 0.0
68.38241577148438 -78.5174560546875 0.034791603684425354 0.0 -0.0 0.0
69.64961242675781 -77.16387176513672 0.034791603684425354 0.0 -0.0 0.0
73.66299438476562 -62.098106384277344 0.034791603684425354 0.0 -0.0 0.0
74.74177551269531 -59.827735900878906 0.034791603684425354 0.0 -0.0 0.0
74.68121337890625 -64.88410186767578 0.034791603684425354 0.0 -0.0 0.0
73.46377563476562 -66.84308624267578 0.034791603684425354 0.0 -0.0 0.0
72.38813781738281 -64.07874298095703 0.034791603684425354 0.0 -0.0 0.0
72.26028442382812 -59.771507263183594 0.034791603684425354 0.0 -0.0 0.0
69.30880737304688 -64.2762680053711 0.034791603684425354 0.0 -0.0 0.0
68.98147583007812 -66.76848602294922 0.034791603684425354 0.0 -0.0 0.0
67.48225402832031 -61.939117431640625 0.034791603684425354 0.0 -0.0 0.0
68.03739929199219 -59.700462341308594 0.034791603684425354 0.0 -0.0 0.0
69.91191101074219 -61.99932861328125 0.034791603684425354 0.0 -0.0 0.0
71.35972595214844 -66.05794525146484 0.034791603684425354 0.0 -0.0 0.0
71.67230224609375 -61.793617248535156 0.034791603684425354 0.0 -0.0 0.0
70.60514831542969 -63.770294189453125 0.034791603684425354 0.0 -0.0 0.0
75.27580261230469 -62.06684112548828 0.034791603684425354 0.0 -0.0 0.0
70.74691772460938 -59.48107147216797 0.034791603684425354 0.0 -0.0 0.0
69.31088256835938 -60.47423553466797 0.034791603684425354 0.0 -0.0 0.0
73.81149291992188 -63.670616149902344 0.034791603684425354 0.0 -0.0 0.0
74.75286865234375 -67.49556732177734 0.034791603684425354 0.0 -0.0 0.0
76.02006530761719 -66.14198303222656 0.034791603684425354 0.0 -0.0 0.0
73.66299438476562 -54.41312026977539 0.034791603684425354 0.0 -0.0 0.0
74.74177551269531 -52.14274978637695 0.034791603684425354 0.0 -0.0 0.0
74.68121337890625 -57.19911575317383 0.034791603684425354 0.0 -0.0 0.0
73.46377563476562 -59.15810012817383 0.034791603684425354 0.0 -0.0 0.0
72.38813781738281 -56.39375686645508 0.034791603684425354 0.0 -0.0 0.0
72.26028442382812 -52.08652114868164 0.034791603684425354 0.0 -0.0 0.0
69.30880737304688 -56.59128189086914 0.034791603684425354 0.0 -0.0 0.0
68.98147583007812 -59.083499908447266 0.034791603684425354 0.0 -0.0 0.0
67.48225402832031 -54.25413131713867 0.034791603684425354 0.0 -0.0 0.0
68.03739929199219 -52.01547622680664 0.034791603684425354 0.0 -0.0 0.0
69.91191101074219 -54.3143424987793 0.034791603684425354 0.0 -0.0 0.0
71.35972595214844 -58.37295913696289 0.034791603684425354 0.0 -0.0 0.0
71.67230224609375 -54.1086311340332 0.034791603684425354 0.0 -0.0 0.0
70.60514831542969 -56.08530807495117 0.034791603684425354 0.0 -0.0 0.0
75.27580261230469 -54.38185501098633 0.034791603684425354 0.0 -0.0 0.0
70.74691772460938 -51.796085357666016 0.034791603684425354 0.0 -0.0 0.0
69.31088256835938 -52.789249420166016 0.034791603684425354 0.0 -0.0 0.0
73.81149291992188 -55.98563003540039 0.034791603684425354 0.0 -0.0 0.0
74.75286865234375 -59.81058120727539 0.034791603684425354 0.0 -0.0 0.0
76.02006530761719 -58.45699691772461 0.034791603684425354 0.0 -0.0 0.0
53.742698669433594 -62.60369873046875 0.034791603684425354 0.0 -0.0 0.0
54.82147979736328 -60.33332824707031 0.034791603684425354 0.0 -0.0 0.0
54.76091766357422 -65.38969421386719 0.034791603684425354 0.0 -0.0 0.0
53.543479919433594 -67.34867858886719 0.034791603684425354 0.0 -0.0 0.0
52.46784210205078 -64.58433532714844 0.034791603684425354 0.0 -0.0 0.0
52.339988708496094 -60.277099609375 0.034791603684425354 0.0 -0.0 0.0
49.388511657714844 -64.7818603515625 0.034791603684425354 0.0 -0.0 0.0
49.061180114746094 -67.27407836914062 0.034791603684425354 0.0 -0.0 0.0
47.56195831298828 -62.44470977783203 0.034791603684425354 0.0 -0.0 0.0
48.117103576660156 -60.2060546875 0.034791603684425354 0.0 -0.0 0.0
49.991615295410156 -62.504920959472656 0.034791603684425354 0.0 -0.0 0.0
51.439430236816406 -66.56353759765625 0.034791603684425354 0.0 -0.0 0.0
51.75200653076172 -62.29920959472656 0.034791603684425354 0.0 -0.0 0.0
50.684852600097656 -64.27588653564453 0.034791603684425354 0.0 -0.0 0.0
55.355506896972656 -62.57243347167969 0.034791603684425354 0.0 -0.0 0.0
50.826622009277344 -59.986663818359375 0.034791603684425354 0.0 -0.0 0.0
49.390586853027344 -60.979827880859375 0.034791603684425354 0.0 -0.0 0.0
53.891197204589844 -64.17620849609375 0.034791603684425354 0.0 -0.0 0.0
54.83257293701172 -68.00115966796875 0.034791603684425354 0.0 -0.0 0.0
56.099769592285156 -66.64757537841797 0.034791603684425354 0.0 -0.0 0.0
49.192378997802734 -50.772865295410156 0.034791603684425354 0.0 -0.0 0.0
50.27116012573242 -48.50249481201172 0.034791603684425354 0.0 -0.0 0.0
50.21059799194336 -53.558860778808594 0.034791603684425354 0.0 -0.0 0.0
48.993160247802734 -55.517845153808594 0.034791603684425354 0.0 -0.0 0.0
47.91752243041992 -52.753501892089844 0.034791603684425354 0.0 -0.0 0.0
47.789669036865234 -48.446266174316406 0.034791603684425354 0.0 -0.0 0.0
44.838191986083984 -52.951026916503906 0.034791603684425354 0.0 -0.0 0.0
44.510860443115234 -55.44324493408203 0.034791603684425354 0.0 -0.0 0.0
43.01163864135742 -50.61387634277344 0.034791603684425354 0.0 -0.0 0.0
43.5667839050293 -48.375221252441406 0.034791603684425354 0.0 -0.0 0.0
45.4412956237793 -50.67408752441406 0.034791603684425354 0.0 -0.0 0.0
46.88911056518555 -54.732704162597656 0.034791603684425354 0.0 -0.0 0.0
47.20168685913086 -50.46837615966797 0.034791603684425354 0.0 -0.0 0.0
46.1345329284668 -52.44505310058594 0.034791603684425354 0.0 -0.0 0.0
50.8051872253418 -50.741600036621094 0.034791603684425354 0.0 -0.0 0.0
46.276302337646484 -48.15583038330078 0.034791603684425354 0.0 -0.0 0.0
44.840267181396484 -49.14899444580078 0.034791603684425354 0.0 -0.0 0.0
49.340877532958984 -52.345375061035156 0.034791603684425354 0.0 -0.0 0.0
50.28225326538086 -56.170326232910156 0.034791603684425354 0.0 -0.0 0.0
51.5494499206543 -54.816741943359375 0.034791603684425354 0.0 -0.0 0.0
36.653717041015625 -50.46950912475586 0.034791603684425354 0.0 -0.0 0.0
37.73249816894531 -48.19913864135742 0.034791603684425354 0.0 -0.0 0.0
37.67193603515625 -53.2555046081543 0.034791603684425354 0.0 -0.0 0.0
36.454498291015625 -55.2144889831543 0.034791603684425354 0.0 -0.0 0.0
35.37886047363281 -52.45014572143555 0.034791603684425354 0.0 -0.0 0.0
35.251007080078125 -48.14291000366211 0.034791603684425354 0.0 -0.0 0.0
32.299530029296875 -52.64767074584961 0.034791603684425354 0.0 -0.0 0.0
31.972198486328125 -55.139888763427734 0.034791603684425354 0.0 -0.0 0.0
30.472976684570312 -50.31052017211914 0.034791603684425354 0.0 -0.0 0.0
31.028121948242188 -48.07186508178711 0.034791603684425354 0.0 -0.0 0.0
32.90263366699219 -50.370731353759766 0.034791603684425354 0.0 -0.0 0.0
34.35044860839844 -54.42934799194336 0.034791603684425354 0.0 -0.0 0.0
34.66302490234375 -50.16501998901367 0.034791603684425354 0.0 -0.0 0.0
33.59587097167969 -52.14169692993164 0.034791603684425354 0.0 -0.0 0.0
38.26652526855469 -50.4382438659668 0.034791603684425354 0.0 -0.0 0.0
33.737640380859375 -47.852474212646484 0.034791603684425354 0.0 -0.0 0.0
32.301605224609375 -48.845638275146484 0.034791603684425354 0.0 -0.0 0.0
36.802215576171875 -52.04201889038086 0.034791603684425354 0.0 -0.0 0.0
37.74359130859375 -55.86697006225586 0.034791603684425354 0.0 -0.0 0.0
39.01078796386719 -54.51338577270508 0.034791603684425354 0.0 -0.0 0.0
