2.3283889293670654 -2.166950225830078 0.68817362785339 1.5707964897155762 -0.0 -1.5707963705062866
-9.134943008422852 -3.1714563369750977 0.68817958831787 1.5707964897155762 -0.0 0.0
-9.134943008422852 25.424848556518555 0.68817958831787 1.5707964897155762 -0.0 0.0
-30.797740936279297 40.24579620361328 0.68817958831787 1.5707964897155762 -0.0 -1.5707963705062866
-66.11488342285156 40.11771011352539 0.68817958831787 1.5707964897155762 -0.0 -3.143962860107422
-9.967498779296875 -31.839393615722656 0.68817958831787 1.5707964897155762 -0.0 -1.5707963705062866
-53.553443908691406 -21.839393615722656 0.68817958831787 1.5707964897155762 -0.0 -1.5707963705062866
-52.71079635620117 10.380990982055664 0.68817958831787 1.5707964897155762 -0.0 0.0
-53.3853759765625 11.260725021362305 0.68817958831787 1.5707964897155762 -0.0 -1.5707963705062866
-11.709529876708984 -31.839393615722656 0.68814978599548 1.5707964897155762 -0.0 -1.5707963705062866
-13.451560974121094 -31.839393615722656 0.6881199836731 1.5707964897155762 -0.0 -1.5707963705062866
-15.193592071533203 -31.839393615722656 0.68809614181519 1.5707964897155762 -0.0 -1.5707963705062866
-16.935623168945312 -31.839393615722656 0.6880663394928 1.5707964897155762 -0.0 -1.5707963705062866
-18.677654266357422 -31.839393615722656 0.68803653717041 1.5707964897155762 -0.0 -1.5707963705062866
-20.41968536376953 -31.839393615722656 0.68800673484802 1.5707964897155762 -0.0 -1.5707963705062866
-22.16171646118164 -31.839393615722656 0.68797693252563 1.5707964897155762 -0.0 -1.5707963705062866
-23.90374755859375 -31.839393615722656 0.68795309066772 1.5707964897155762 -0.0 -1.5707963705062866
-25.64577865600586 -31.839393615722656 0.68792328834534 1.5707964897155762 -0.0 -1.5707963705062866
-27.387807846069336 -31.839391708374023 0.68789348602295 1.5707964897155762 -0.0 -1.5707963705062866
-29.129838943481445 -31.839391708374023 0.68786964416504 1.5707964897155762 -0.0 -1.5707963705062866
-30.871870040893555 -31.839391708374023 0.68783388137817 1.5707964897155762 -0.0 -1.5707963705062866
-32.61389923095703 -31.839391708374023 0.68781003952026 1.5707964897155762 -0.0 -1.5707963705062866
-34.35593032836914 -31.839391708374023 0.68778023719788 1.5707964897155762 -0.0 -1.5707963705062866
-36.09796142578125 -31.839391708374023 0.68775043487549 1.5707964897155762 -0.0 -1.5707963705062866
-37.83999252319336 -31.839391708374023 0.68772659301758 1.5707964897155762 -0.0 -1.5707963705062866
-39.58202362060547 -31.839391708374023 0.68769679069519 1.5707964897155762 -0.0 -1.5707963705062866
-41.324058532714844 -31.839391708374023 0.6876669883728 1.5707964897155762 -0.0 -1.5707963705062866
-43.06608581542969 -31.839391708374023 0.68763718605042 1.5707964897155762 -0.0 -1.5707963705062866
-44.8081169128418 -31.839391708374023 0.68760738372803 1.5707964897155762 -0.0 -1.5707963705062866
-46.550148010253906 -31.839391708374023 0.68758354187012 1.5707964897155762 -0.0 -1.5707963705062866
-48.292179107666016 -31.839391708374023 0.68755373954773 1.5707964897155762 -0.0 -1.5707963705062866
-50.034210205078125 -31.839391708374023 0.68752393722534 1.5707964897155762 -0.0 -1.5707963705062866
-51.776241302490234 -31.839391708374023 0.68750009536743 1.5707964897155762 -0.0 -1.5707963705062866
-53.518272399902344 -31.839391708374023 0.68747029304504 1.5707964897155762 -0.0 -1.5707963705062866
-55.26030349731445 -31.839391708374023 0.68744049072266 1.5707964897155762 -0.0 -1.5707963705062866
-57.00233459472656 -31.839391708374023 0.68741068840027 1.5707964897155762 -0.0 -1.5707963705062866
-58.74436569213867 -31.839391708374023 0.68738088607788 1.5707964897155762 -0.0 -1.5707963705062866
-60.48639678955078 -31.839391708374023 0.68735704421997 1.5707964897155762 -0.0 -1.5707963705062866
-62.22842788696289 -31.839391708374023 0.68732724189758 1.5707964897155762 -0.0 -1.5707963705062866
-63.970458984375 -31.839391708374023 0.6872974395752 1.5707964897155762 -0.0 -1.5707963705062866
-65.71249389648438 -31.839391708374023 0.68727359771729 1.5707964897155762 -0.0 -1.5707963705062866
-67.45452117919922 -31.839391708374023 0.68723783493042 1.5707964897155762 -0.0 -1.5707963705062866
-69.19654846191406 -31.839391708374023 0.68721399307251 1.5707964897155762 -0.0 -1.5707963705062866
-70.93858337402344 -31.83938980102539 0.68718419075012 1.5707964897155762 -0.0 -1.5707963705062866
-72.68061828613281 -31.83938980102539 0.68715438842773 1.5707964897155762 -0.0 -1.5707963705062866
-74.42264556884766 -31.83938980102539 0.68713054656982 1.5707964897155762 -0.0 -1.5707963705062866
-76.1646728515625 -31.83938980102539 0.68710074424744 1.5707964897155762 -0.0 -1.5707963705062866
-77.90670013427734 -31.83938980102539 0.68707094192505 1.5707964897155762 -0.0 -1.5707963705062866
-79.64872741699219 -31.83938980102539 0.68704113960266 1.5707964897155762 -0.0 -1.5707963705062866
-81.39076232910156 -31.83938980102539 0.68701133728027 1.5707964897155762 -0.0 -1.5707963705062866
-83.13278198242188 -31.83938980102539 0.68698749542236 1.5707964897155762 -0.0 -1.5707963705062866
-84.87481689453125 -31.83938980102539 0.68695769309998 1.5707964897155762 -0.0 -1.5707963705062866
-86.61683654785156 -31.83938980102539 0.68692789077759 1.5707964897155762 -0.0 -1.5707963705062866
2.3283889293670654 1.7721481323242188 0.68817362785339 1.5707964897155762 -0.0 -1.5707963705062866
0.586357831954956 -2.16694974899292 0.68814382553101 1.5707964897155762 -0.0 -1.5707963705062866
0.586357831954956 1.7721481323242188 0.68814382553101 1.5707964897155762 -0.0 -1.5707963705062866
-1.1556731462478638 -2.16694974899292 0.68811402320862 1.5707964897155762 -0.0 -1.5707963705062866
-1.1556730270385742 1.7721481323242188 0.68811402320862 1.5707964897155762 -0.0 -1.5707963705062866
-2.8977038860321045 -2.16694974899292 0.68808422088623 1.5707964897155762 -0.0 -1.5707963705062866
-2.8977036476135254 1.7721481323242188 0.68808422088623 1.5707964897155762 -0.0 -1.5707963705062866
-4.639734745025635 -2.16694974899292 0.68806037902832 1.5707964897155762 -0.0 -1.5707963705062866
-4.639734268188477 1.7721481323242188 0.68806037902832 1.5707964897155762 -0.0 -1.5707963705062866
-6.381765842437744 -2.16694974899292 0.68803057670593 1.5707964897155762 -0.0 -1.5707963705062866
-6.381765842437744 1.7721481323242188 0.68803057670593 1.5707964897155762 -0.0 -1.5707963705062866
-8.123797416687012 -2.1669492721557617 0.68800077438354 1.5707964897155762 -0.0 -1.5707963705062866
-8.123797416687012 1.7721481323242188 0.68800077438354 1.5707964897155762 -0.0 -1.5707963705062866
-9.134943008422852 -4.913487434387207 0.68814978599548 1.5707964897155762 -0.0 0.0
-9.134943008422852 -6.655518531799316 0.6881199836731 1.5707964897155762 -0.0 0.0
-9.134943008422852 -8.397549629211426 0.68809018135071 1.5707964897155762 -0.0 0.0
-9.134943008422852 -10.139581680297852 0.68806037902832 1.5707964897155762 -0.0 0.0
-9.134943008422852 -11.881612777709961 0.68803653717041 1.5707964897155762 -0.0 0.0
-9.134943008422852 -13.623642921447754 0.68800673484802 1.5707964897155762 -0.0 0.0
-9.134943008422852 -15.365674018859863 0.68797693252563 1.5707964897155762 -0.0 0.0
-9.134943008422852 -17.107702255249023 0.68795309066772 1.5707964897155762 -0.0 0.0
-9.134943008422852 -18.849735260009766 0.68792328834534 1.5707964897155762 -0.0 0.0
-9.134943008422852 -20.591764450073242 0.68789348602295 1.5707964897155762 -0.0 0.0
-9.134943008422852 -22.33379554748535 0.68786368370056 1.5707964897155762 -0.0 0.0
-9.134943008422852 -24.07582664489746 0.68783388137817 1.5707964897155762 -0.0 0.0
-9.134943008422852 -25.81785774230957 0.68781003952026 1.5707964897155762 -0.0 0.0
-9.134943008422852 -27.55988883972168 0.68778023719788 1.5707964897155762 -0.0 0.0
-9.134943008422852 -29.30191993713379 0.68775043487549 1.5707964897155762 -0.0 0.0
-9.134943008422852 -31.0439510345459 0.68772659301758 1.5707964897155762 -0.0 0.0
-9.134943008422852 23.682817459106445 0.68814978599548 1.5707964897155762 -0.0 0.0
-9.134943008422852 21.940786361694336 0.6881199836731 1.5707964897155762 -0.0 0.0
-9.134943008422852 20.198755264282227 0.68809018135071 1.5707964897155762 -0.0 0.0
-9.134943008422852 18.456724166870117 0.68806037902832 1.5707964897155762 -0.0 0.0
-9.134943008422852 16.714693069458008 0.68803653717041 1.5707964897155762 -0.0 0.0
-9.134943008422852 14.972660064697266 0.68800673484802 1.5707964897155762 -0.0 0.0
-9.134943008422852 13.230628967285156 0.68797693252563 1.5707964897155762 -0.0 0.0
-9.134943008422852 11.488597869873047 0.68794713020325 1.5707964897155762 -0.0 0.0
-9.134943008422852 9.746566772460938 0.68791732788086 1.5707964897155762 -0.0 0.0
-9.134943008422852 8.004536628723145 0.68789348602295 1.5707964897155762 -0.0 0.0
-9.134943008422852 6.262505531311035 0.68786368370056 1.5707964897155762 -0.0 0.0
-9.134943008422852 4.520475387573242 0.68783388137817 1.5707964897155762 -0.0 0.0
-9.134943008422852 2.778444290161133 0.68781003952026 1.5707964897155762 -0.0 0.0
-9.883039474487305 40.25138473510742 0.6881199836731 1.5707964897155762 -0.0 -1.5705583095550537
-11.625070571899414 40.25096893310547 0.68809018135071 1.5707964897155762 -0.0 -1.5705583095550537
-13.367101669311523 40.250553131103516 0.68806037902832 1.5707964897155762 -0.0 -1.5705583095550537
-15.109130859375 40.25013732910156 0.68803653717041 1.5707964897155762 -0.0 -1.5705583095550537
-16.851160049438477 40.249725341796875 0.68800673484802 1.5707964897155762 -0.0 -1.5705583095550537
-18.59319496154785 40.24930953979492 0.68797693252563 1.5707964897155762 -0.0 -1.5705583095550537
-20.33522605895996 40.24889373779297 0.68794713020325 1.5707964897155762 -0.0 -1.5705583095550537
-22.077253341674805 40.248477935791016 0.68791732788086 1.5707964897155762 -0.0 -1.5705583095550537
-23.81928825378418 40.24806594848633 0.68789348602295 1.5707964897155762 -0.0 -1.5705583095550537
-25.561315536499023 40.247650146484375 0.68786368370056 1.5707964897155762 -0.0 -1.5705583095550537
-27.303346633911133 40.24723434448242 0.68783388137817 1.5707964897155762 -0.0 -1.5705583095550537
-29.045377731323242 40.24681854248047 0.68781003952026 1.5707964897155762 -0.0 -1.5705583095550537
-32.539772033691406 40.24579620361328 0.68814978599548 1.5707964897155762 -0.0 -1.5707963705062866
-34.281803131103516 40.24579620361328 0.6881199836731 1.5707964897155762 -0.0 -1.5707963705062866
-36.023834228515625 40.24579620361328 0.68809614181519 1.5707964897155762 -0.0 -1.5707963705062866
-37.76586151123047 40.24579620361328 0.6880663394928 1.5707964897155762 -0.0 -1.5707963705062866
-39.507896423339844 40.24579620361328 0.68803653717041 1.5707964897155762 -0.0 -1.5707963705062866
-41.24992752075195 40.24579620361328 0.68800673484802 1.5707964897155762 -0.0 -1.5707963705062866
-42.99195861816406 40.24579620361328 0.68797693252563 1.5707964897155762 -0.0 -1.5707963705062866
-44.73398971557617 40.24579620361328 0.68795309066772 1.5707964897155762 -0.0 -1.5707963705062866
-46.47602081298828 40.24579620361328 0.68792328834534 1.5707964897155762 -0.0 -1.5707963705062866
-48.218048095703125 40.24579620361328 0.68789348602295 1.5707964897155762 -0.0 -1.5707963705062866
-49.960079193115234 40.24579620361328 0.68786964416504 1.5707964897155762 -0.0 -1.5707963705062866
-51.702110290527344 40.24579620361328 0.68783984184265 1.5707964897155762 -0.0 -1.5707963705062866
-53.44414138793945 40.24579620361328 0.68781003952026 1.5707964897155762 -0.0 -1.5707963705062866
-55.18617248535156 40.24579620361328 0.68778023719788 1.5707964897155762 -0.0 -1.5707963705062866
-56.08442687988281 41.327186584472656 0.68814978599548 1.5707964897155762 -0.0 -3.143962860107422
-56.080291748046875 43.04829406738281 0.6881199836731 1.5707964897155762 -0.0 -3.143962860107422
-56.07616424560547 44.790321350097656 0.68809614181519 1.5707964897155762 -0.0 -3.143962860107422
-56.07203674316406 46.53234100341797 0.6880663394928 1.5707964897155762 -0.0 -3.143962860107422
-56.067909240722656 48.27436828613281 0.68803653717041 1.5707964897155762 -0.0 -3.143962860107422
-56.06378173828125 50.016395568847656 0.68800673484802 1.5707964897155762 -0.0 -3.143962860107422
-56.059654235839844 51.75843048095703 0.68797693252563 1.5707964897155762 -0.0 -3.143962860107422
-56.055519104003906 53.500450134277344 0.68795309066772 1.5707964897155762 -0.0 -3.143962860107422
-56.0513916015625 55.242469787597656 0.68792328834534 1.5707964897155762 -0.0 -3.143962860107422
-56.047264099121094 56.98450469970703 0.68789348602295 1.5707964897155762 -0.0 -3.143962860107422
-56.04313659667969 58.726524353027344 0.68786368370056 1.5707964897155762 -0.0 -3.143962860107422
-56.03900909423828 60.46855926513672 0.68783388137817 1.5707964897155762 -0.0 -3.143962860107422
-56.034873962402344 62.21057891845703 0.68781003952026 1.5707964897155762 -0.0 -3.143962860107422
-56.03074645996094 63.952606201171875 0.68778023719788 1.5707964897155762 -0.0 -3.143962860107422
-56.02661895751953 65.69462585449219 0.68775043487549 1.5707964897155762 -0.0 -3.143962860107422
-66.11075592041016 41.859737396240234 0.68814978599548 1.5707964897155762 -0.0 -3.143962860107422
-66.10662841796875 43.60175704956055 0.6881199836731 1.5707964897155762 -0.0 -3.143962860107422
-66.10249328613281 45.34378433227539 0.68809614181519 1.5707964897155762 -0.0 -3.143962860107422
-66.0983657836914 47.085811614990234 0.6880663394928 1.5707964897155762 -0.0 -3.143962860107422
-66.09423828125 48.82783889770508 0.68803653717041 1.5707964897155762 -0.0 -3.143962860107422
-66.0901107788086 50.56986618041992 0.68800673484802 1.5707964897155762 -0.0 -3.143962860107422
-66.08598327636719 52.311885833740234 0.68797693252563 1.5707964897155762 -0.0 -3.143962860107422
-66.08185577392578 54.05391311645508 0.68795309066772 1.5707964897155762 -0.0 -3.143962860107422
-66.07772064208984 55.79594039916992 0.68792328834534 1.5707964897155762 -0.0 -3.143962860107422
-66.07359313964844 57.537967681884766 0.68789348602295 1.5707964897155762 -0.0 -3.143962860107422
-66.06946563720703 59.27999496459961 0.68786964416504 1.5707964897155762 -0.0 -3.143962860107422
-66.06533813476562 61.02201461791992 0.68783984184265 1.5707964897155762 -0.0 -3.143962860107422
-66.06121063232422 62.7640495300293 0.68781003952026 1.5707964897155762 -0.0 -3.143962860107422
-55.295475006103516 -21.839393615722656 0.68814978599548 1.5707964897155762 -0.0 -1.5707963705062866
-57.037506103515625 -21.839393615722656 0.6881199836731 1.5707964897155762 -0.0 -1.5707963705062866
-58.779537200927734 -21.839393615722656 0.68809614181519 1.5707964897155762 -0.0 -1.5707963705062866
-60.521568298339844 -21.839391708374023 0.6880663394928 1.5707964897155762 -0.0 -1.5707963705062866
-62.26359939575195 -21.839391708374023 0.68803653717041 1.5707964897155762 -0.0 -1.5707963705062866
-64.00563049316406 -21.839391708374023 0.68800673484802 1.5707964897155762 -0.0 -1.5707963705062866
-65.7476577758789 -21.839391708374023 0.68797693252563 1.5707964897155762 -0.0 -1.5707963705062866
-67.48969268798828 -21.839391708374023 0.68795309066772 1.5707964897155762 -0.0 -1.5707963705062866
-69.23171997070312 -21.839391708374023 0.68792328834534 1.5707964897155762 -0.0 -1.5707963705062866
-70.9737548828125 -21.839391708374023 0.68789348602295 1.5707964897155762 -0.0 -1.5707963705062866
-72.71578216552734 -21.839391708374023 0.68786368370056 1.5707964897155762 -0.0 -1.5707963705062866
-74.45781707763672 -21.839391708374023 0.68783388137817 1.5707964897155762 -0.0 -1.5707963705062866
-76.19984436035156 -21.839391708374023 0.68781003952026 1.5707964897155762 -0.0 -1.5707963705062866
-77.94187927246094 -21.839391708374023 0.68778023719788 1.5707964897155762 -0.0 -1.5707963705062866
-79.68390655517578 -21.839391708374023 0.68775043487549 1.5707964897155762 -0.0 -1.5707963705062866
-81.42594146728516 -21.839391708374023 0.68772659301758 1.5707964897155762 -0.0 -1.5707963705062866
-83.16796875 -21.839391708374023 0.68769679069519 1.5707964897155762 -0.0 -1.5707963705062866
-84.91000366210938 -21.839391708374023 0.6876669883728 1.5707964897155762 -0.0 -1.5707963705062866
-86.65203094482422 -21.839391708374023 0.68763718605042 1.5707964897155762 -0.0 -1.5707963705062866
-52.71079635620117 8.638959884643555 0.68814978599548 1.5707964897155762 -0.0 0.0
-52.71079635620117 6.896930694580078 0.6881199836731 1.5707964897155762 -0.0 0.0
-52.71079635620117 5.154899597167969 0.68809614181519 1.5707964897155762 -0.0 0.0
-52.71079635620117 3.4128684997558594 0.6880663394928 1.5707964897155762 -0.0 0.0
-52.71079635620117 1.67083740234375 0.68803653717041 1.5707964897155762 -0.0 0.0
-52.71079635620117 -0.07119424641132355 0.68800673484802 1.5707964897155762 -0.0 0.0
-52.71079635620117 -1.8132247924804688 0.68797693252563 1.5707964897155762 -0.0 0.0
-52.71079635620117 -3.5552561283111572 0.68795309066772 1.5707964897155762 -0.0 0.0
-52.71079635620117 -5.2972869873046875 0.68792328834534 1.5707964897155762 -0.0 0.0
-52.71079635620117 -7.039316177368164 0.68789348602295 1.5707964897155762 -0.0 0.0
-52.71079635620117 -8.78134822845459 0.68786964416504 1.5707964897155762 -0.0 0.0
-52.71079635620117 -10.5233793258667 0.68783984184265 1.5707964897155762 -0.0 0.0
-52.71079635620117 -12.265411376953125 0.68781003952026 1.5707964897155762 -0.0 0.0
-52.71079635620117 -14.007441520690918 0.68778023719788 1.5707964897155762 -0.0 0.0
-52.71079635620117 -15.749472618103027 0.68775043487549 1.5707964897155762 -0.0 0.0
-52.71079635620117 -17.49150276184082 0.68772659301758 1.5707964897155762 -0.0 0.0
-52.71079635620117 -19.23353385925293 0.68769679069519 1.5707964897155762 -0.0 0.0
-52.71079635620117 -20.97556495666504 0.6876669883728 1.5707964897155762 -0.0 0.0
-66.10302734375 38.337913513183594 0.5374102592468262 1.5707964897155762 -0.0 0.0
-66.10302734375 36.59587860107422 0.5374100208282471 1.5707964897155762 -0.0 0.0
-66.10302734375 34.853851318359375 0.5374096632003784 1.5707964897155762 -0.0 0.0
-66.10302734375 33.111820220947266 0.5374094247817993 1.5707964897155762 -0.0 0.0
-66.10302734375 31.36979103088379 0.5374091267585754 1.5707964897155762 -0.0 0.0
-66.10302734375 29.62775993347168 0.5374088287353516 1.5707964897155762 -0.0 0.0
-66.10302734375 27.88572883605957 0.5374085903167725 1.5707964897155762 -0.0 0.0
-66.10302734375 26.14369773864746 0.5374082922935486 1.5707964897155762 -0.0 0.0
-66.10302734375 24.40166473388672 0.5374079942703247 1.5707964897155762 -0.0 0.0
-66.10302734375 22.65963363647461 0.5374076962471008 1.5707964897155762 -0.0 0.0
-66.10302734375 20.917604446411133 0.537407398223877 1.5707964897155762 -0.0 0.0
-66.10302734375 19.175573348999023 0.5374071598052979 1.5707964897155762 -0.0 0.0
-66.10302734375 17.433542251586914 0.537406861782074 1.5707964897155762 -0.0 0.0
-66.10302734375 15.691509246826172 0.5374065637588501 1.5707964897155762 -0.0 0.0
-66.10302734375 13.949478149414062 0.5374062657356262 1.5707964897155762 -0.0 0.0
-66.10302734375 12.207447052001953 0.5374059677124023 1.5707964897155762 -0.0 0.0
-55.12740707397461 11.260725021362305 0.68814978599548 1.5707964897155762 -0.0 -1.5707963705062866
-56.86943817138672 11.260725021362305 0.6881199836731 1.5707964897155762 -0.0 -1.5707963705062866
-58.61146926879883 11.260725021362305 0.68809614181519 1.5707964897155762 -0.0 -1.5707963705062866
-60.35350036621094 11.260725021362305 0.68806037902832 1.5707964897155762 -0.0 -1.5707963705062866
-62.09553146362305 11.260725021362305 0.68803653717041 1.5707964897155762 -0.0 -1.5707963705062866
-63.837562561035156 11.260725021362305 0.68800673484802 1.5707964897155762 -0.0 -1.5707963705062866
-65.57959747314453 11.260725021362305 0.68797693252563 1.5707964897155762 -0.0 -1.5707963705062866
-66.05708312988281 64.50605773925781 0.689095139503479 1.5707964897155762 -0.0 -3.143962860107422
-9.134943008422852 37.64908218383789 0.68806037902832 1.5707964897155762 -0.0 0.0
-9.134943008422852 35.89323425292969 0.68803653717041 1.5707964897155762 -0.0 0.0
-9.134943008422852 34.15119934082031 0.68800673484802 1.5707964897155762 -0.0 0.0
-9.134943008422852 32.4091682434082 0.68797693252563 1.5707964897155762 -0.0 0.0
-9.134943008422852 30.667137145996094 0.68794713020325 1.5707964897155762 -0.0 0.0
-9.134943008422852 28.925106048583984 0.68791732788086 1.5707964897155762 -0.0 0.0
-9.134943008422852 27.183074951171875 0.68789348602295 1.5707964897155762 -0.0 0.0
-9.134943008422852 39.40694808959961 0.68806037902832 1.5707964897155762 -0.0 0.0
