IntCasa_Coli -3.2293338775634766 6.677661895751953 -0.0016290843486785889
IntCasa_Coli.001 5.328767776489258 13.452961921691895 -0.0016290843486785889
IntCasa_Coli.002 18.520694732666016 13.411927223205566 -0.0016290843486785889
IntCasa_Coli.004 20.327049255371094 1.8251733779907227 -0.0016290843486785889
IntCasa_Coli.003 8.872097969055176 -3.8048338890075684 -0.0016290843486785889
IntCasa_Coli.005 15.318319320678711 -7.23409366607666 -0.0016290843486785889
IntCasa_Coli.006 5.187808036804199 -0.45544910430908203 -0.0016290843486785889
IntCasa_Coli.008 -1.7610588073730469 -0.45544862747192383 -0.0016290843486785889
IntCasa_Coli.007 -1.7610588073730469 2.7918996810913086 -0.0016290843486785889
IntCasa_Coli.009 8.674600601196289 2.7918996810913086 -0.0016290843486785889
IntCasa_Coli.010 12.102365493774414 5.900001525878906 -0.0016290843486785889
IntCasa_Coli.012 12.10236644744873 11.977330207824707 -0.0016290843486785889
IntCasa_Coli.011 14.365476608276367 1.2251176834106445 -0.0016290843486785889
IntCasa_Coli.013 19.097457885742188 -0.6652555465698242 -0.0016290843486785889
IntCasa_Coli.014 15.667734146118164 -0.6652555465698242 -0.0016290843486785889
IntCasa_Coli.015 8.872098922729492 2.142404556274414 -0.0016290843486785889
IntCasa_Coli.016 19.097457885742188 2.7827863693237305 -0.0016290843486785889
Quemable 16.600061416625977 2.810588836669922 0.030778557062149048
