-2.1167943477630615 -8.939947128295898 0.6890576481819153 1.5707964897155762 -0.0 3.1415929794311523
-2.1167948246002197 -7.193037986755371 0.6890573501586914 1.5707964897155762 -0.0 3.1415929794311523
-2.116795301437378 -5.446129322052002 0.6890571117401123 1.5707964897155762 -0.0 3.1415929794311523
-2.1167960166931152 -3.6992197036743164 0.6890568137168884 1.5707964897155762 -0.0 3.1415929794311523
-2.1167964935302734 -1.952310562133789 0.6890565156936646 1.5707964897155762 -0.0 3.1415929794311523
-2.1167969703674316 -0.2053985595703125 0.6890562176704407 1.5707964897155762 -0.0 3.1415929794311523
1.3939666748046875 -0.11531594395637512 0.6890576481819153 1.5707964897155762 -0.0 0.0
1.3939666748046875 -1.8622255325317383 0.6890573501586914 1.5707964897155762 -0.0 0.0
1.3939666748046875 -3.609135150909424 0.6890570521354675 1.5707964897155762 -0.0 0.0
1.3939666748046875 -5.356044769287109 0.6890568137168884 1.5707964897155762 -0.0 0.0
1.3939666748046875 -7.10295295715332 0.6890565156936646 1.5707964897155762 -0.0 0.0
1.3939666748046875 -8.849864959716797 0.6890562176704407 1.5707964897155762 -0.0 0.0
-1.1988263130187988 0.8025099635124207 0.6890576481819153 1.5707964897155762 -0.0 1.5707963705062866
0.5480835437774658 0.8025100231170654 0.6890573501586914 1.5707964897155762 -0.0 1.5707963705062866
-15.532249450683594 -9.985690116882324 0.6940901875495911 1.5707964897155762 -0.0 1.5714019536972046
-13.785340309143066 -9.98463249206543 0.6940898895263672 1.5707964897155762 -0.0 1.5714019536972046
-12.038431167602539 -9.983573913574219 0.6940895915031433 1.5707964897155762 -0.0 1.5714019536972046
-10.291522979736328 -9.982516288757324 0.6940893530845642 1.5707964897155762 -0.0 1.5714019536972046
-8.5446138381958 -9.98145866394043 0.6940890550613403 1.5707964897155762 -0.0 1.5714019536972046
-6.79770565032959 -9.980400085449219 0.6940887570381165 1.5707964897155762 -0.0 1.5714019536972046
-5.0507965087890625 -9.979342460632324 0.6940884590148926 1.5707964897155762 -0.0 1.5714019536972046
-3.3038854598999023 -9.97828483581543 0.6940882205963135 1.5707964897155762 -0.0 1.5714019536972046
-16.530061721801758 -33.6306266784668 0.6940901875495911 1.5707964897155762 -0.0 3.1421985626220703
-16.53112030029297 -31.883718490600586 0.694089949131012 1.5707964897155762 -0.0 3.1421985626220703
-16.53217887878418 -30.136810302734375 0.6940896511077881 1.5707964897155762 -0.0 3.1421985626220703
-16.53323745727539 -28.38990020751953 0.6940893530845642 1.5707964897155762 -0.0 3.1421985626220703
-16.5342960357666 -26.64299201965332 0.6940890550613403 1.5707964897155762 -0.0 3.1421985626220703
-16.535354614257812 -24.89608383178711 0.6940888166427612 1.5707964897155762 -0.0 3.1421985626220703
-16.536413192749023 -23.149173736572266 0.6940885186195374 1.5707964897155762 -0.0 3.1421985626220703
-16.537471771240234 -21.402263641357422 0.6940882205963135 1.5707964897155762 -0.0 3.1421985626220703
-16.538530349731445 -19.655357360839844 0.6940879225730896 1.5707964897155762 -0.0 3.1421985626220703
-16.539588928222656 -17.908443450927734 0.6940876245498657 1.5707964897155762 -0.0 3.1421985626220703
-16.540647506713867 -16.161540985107422 0.6940873265266418 1.5707964897155762 -0.0 3.1421985626220703
-16.541706085205078 -14.414623260498047 0.6940870881080627 1.5707964897155762 -0.0 3.1421985626220703
-16.54276466369629 -12.667715072631836 0.6940867900848389 1.5707964897155762 -0.0 3.1421985626220703
-16.5438232421875 -10.920804977416992 0.694086492061615 1.5707964897155762 -0.0 3.1421985626220703
-3.5321974754333496 -34.70883560180664 0.6940901875495911 1.5707964897155762 -0.0 4.7129950523376465
-5.279107093811035 -34.709896087646484 0.6940898895263672 1.5707964897155762 -0.0 4.7129950523376465
-7.026015281677246 -34.71095275878906 0.6940896511077881 1.5707964897155762 -0.0 4.7129950523376465
-8.772924423217773 -34.712013244628906 0.6940893530845642 1.5707964897155762 -0.0 4.7129950523376465
-10.5198335647583 -34.713069915771484 0.6940890550613403 1.5707964897155762 -0.0 4.7129950523376465
-12.266741752624512 -34.71413040161133 0.6940887570381165 1.5707964897155762 -0.0 4.7129950523376465
-14.013649940490723 -34.71519088745117 0.6940885186195374 1.5707964897155762 -0.0 4.7129950523376465
-15.7605619430542 -34.71624755859375 0.6940882205963135 1.5707964897155762 -0.0 4.7129950523376465
10.55479621887207 -34.98319625854492 0.6940901875495911 1.5707964897155762 -0.0 10.99618148803711
8.807887077331543 -34.984256744384766 0.694089949131012 1.5707964897155762 -0.0 10.99618148803711
7.060978889465332 -34.98531723022461 0.6940896511077881 1.5707964897155762 -0.0 10.99618148803711
5.3140692710876465 -34.98638153076172 0.6940893530845642 1.5707964897155762 -0.0 10.99618148803711
3.5671606063842773 -34.98744201660156 0.6940890550613403 1.5707964897155762 -0.0 10.99618148803711
1.8202524185180664 -34.988502502441406 0.6940887570381165 1.5707964897155762 -0.0 10.99618148803711
11.634126663208008 -37.55983352661133 0.6940901875495911 1.5707964897155762 -0.0 9.425385475158691
11.633065223693848 -35.81292724609375 0.6940898895263672 1.5707964897155762 -0.0 9.425385475158691
24.827960968017578 -38.39634323120117 0.6940901875495911 1.5707964897155762 -0.0 10.996182441711426
23.081050872802734 -38.39740753173828 0.694089949131012 1.5707964897155762 -0.0 10.996182441711426
21.334142684936523 -38.398468017578125 0.6940896511077881 1.5707964897155762 -0.0 10.996182441711426
19.58723258972168 -38.399532318115234 0.6940893530845642 1.5707964897155762 -0.0 10.996182441711426
17.84032440185547 -38.40059280395508 0.6940890550613403 1.5707964897155762 -0.0 10.996182441711426
16.093416213989258 -38.40165710449219 0.6940887570381165 1.5707964897155762 -0.0 10.996182441711426
14.346508026123047 -38.40271759033203 0.6940885186195374 1.5707964897155762 -0.0 10.996182441711426
12.59959602355957 -38.40378189086914 0.6940882205963135 1.5707964897155762 -0.0 10.996182441711426
25.853174209594727 -21.849342346191406 0.6940901875495911 1.5707964897155762 -0.0 12.56697940826416
25.854238510131836 -23.59625244140625 0.6940898895263672 1.5707964897155762 -0.0 12.56697940826416
25.855300903320312 -25.34316062927246 0.6940896511077881 1.5707964897155762 -0.0 12.56697940826416
25.856365203857422 -27.090070724487305 0.6940893530845642 1.5707964897155762 -0.0 12.56697940826416
25.8574275970459 -28.836978912353516 0.6940890550613403 1.5707964897155762 -0.0 12.56697940826416
25.858491897583008 -30.583887100219727 0.6940887570381165 1.5707964897155762 -0.0 12.56697940826416
25.859554290771484 -32.33079528808594 0.6940885186195374 1.5707964897155762 -0.0 12.56697940826416
25.860618591308594 -34.07770538330078 0.6940882205963135 1.5707964897155762 -0.0 12.56697940826416
25.861682891845703 -35.824615478515625 0.6940879225730896 1.5707964897155762 -0.0 12.56697940826416
25.86274528503418 -37.57152557373047 0.6940876245498657 1.5707964897155762 -0.0 12.56697940826416
12.933697700500488 -20.9344425201416 0.6940901875495911 1.5707964897155762 -0.0 14.137776374816895
14.680606842041016 -20.933378219604492 0.6940898895263672 1.5707964897155762 -0.0 14.137776374816895
16.427515029907227 -20.932313919067383 0.6940895915031433 1.5707964897155762 -0.0 14.137776374816895
18.17442512512207 -20.93124771118164 0.6940893530845642 1.5707964897155762 -0.0 14.137776374816895
19.921337127685547 -20.93018341064453 0.6940890550613403 1.5707964897155762 -0.0 14.137776374816895
21.668245315551758 -20.929119110107422 0.6940887570381165 1.5707964897155762 -0.0 14.137776374816895
23.415149688720703 -20.928054809570312 0.6940884590148926 1.5707964897155762 -0.0 14.137776374816895
25.162063598632812 -20.926990509033203 0.6940882205963135 1.5707964897155762 -0.0 14.137776374816895
12.136380195617676 -30.287263870239258 0.6940901875495911 1.5707964897155762 -0.0 15.708572387695312
12.135315895080566 -28.540353775024414 0.694089949131012 1.5707964897155762 -0.0 15.708572387695312
12.134252548217773 -26.793445587158203 0.6940896511077881 1.5707964897155762 -0.0 15.708572387695312
12.133188247680664 -25.04653549194336 0.6940893530845642 1.5707964897155762 -0.0 15.708572387695312
12.132123947143555 -23.29962730407715 0.6940890550613403 1.5707964897155762 -0.0 15.708572387695312
12.131059646606445 -21.552719116210938 0.6940887570381165 1.5707964897155762 -0.0 15.708572387695312
-11.755293846130371 -31.184282302856445 0.6940901875495911 1.5707964897155762 -0.0 20.420963287353516
-10.008384704589844 -31.18321418762207 0.6940898895263672 1.5707964897155762 -0.0 20.420963287353516
-8.261476516723633 -31.182146072387695 0.6940896511077881 1.5707964897155762 -0.0 20.420963287353516
-6.514566898345947 -31.181079864501953 0.6940893530845642 1.5707964897155762 -0.0 20.420963287353516
-4.767658233642578 -31.180011749267578 0.6940890550613403 1.5707964897155762 -0.0 20.420963287353516
-3.020749092102051 -31.178945541381836 0.6940887570381165 1.5707964897155762 -0.0 20.420963287353516
-1.2738409042358398 -31.17787742614746 0.6940885186195374 1.5707964897155762 -0.0 20.420963287353516
0.4730710983276367 -31.176809310913086 0.6940882205963135 1.5707964897155762 -0.0 20.420963287353516
2.2199764251708984 -31.175743103027344 0.6940879225730896 1.5707964897155762 -0.0 20.420963287353516
3.966890335083008 -31.17467498779297 0.6940876245498657 1.5707964897155762 -0.0 20.420963287353516
5.713798522949219 -31.173606872558594 0.6940873265266418 1.5707964897155762 -0.0 20.420963287353516
7.460712432861328 -31.17254066467285 0.6940870881080627 1.5707964897155762 -0.0 20.420963287353516
9.207618713378906 -31.171472549438477 0.6940867900848389 1.5707964897155762 -0.0 20.420963287353516
10.954526901245117 -31.1704044342041 0.694086492061615 1.5707964897155762 -0.0 20.420963287353516
-12.726814270019531 -14.602643013000488 0.6940901875495911 1.5707964897155762 -0.0 18.85016632080078
-12.725748062133789 -16.349552154541016 0.6940898895263672 1.5707964897155762 -0.0 18.85016632080078
-12.72468090057373 -18.09646224975586 0.6940896511077881 1.5707964897155762 -0.0 18.85016632080078
-12.723614692687988 -19.84337043762207 0.6940893530845642 1.5707964897155762 -0.0 18.85016632080078
-12.722548484802246 -21.59027862548828 0.6940890550613403 1.5707964897155762 -0.0 18.85016632080078
-12.721482276916504 -23.337188720703125 0.6940887570381165 1.5707964897155762 -0.0 18.85016632080078
-12.720416069030762 -25.084095001220703 0.6940885186195374 1.5707964897155762 -0.0 18.85016632080078
-12.71934986114502 -26.831008911132812 0.6940882205963135 1.5707964897155762 -0.0 18.85016632080078
-12.718283653259277 -28.577913284301758 0.6940879225730896 1.5707964897155762 -0.0 18.85016632080078
-12.717217445373535 -30.324827194213867 0.6940876245498657 1.5707964897155762 -0.0 18.85016632080078
10.878146171569824 -13.58371353149414 0.6940901875495911 1.5707964897155762 -0.0 17.279369354248047
9.131237030029297 -13.584778785705566 0.694089949131012 1.5707964897155762 -0.0 17.279369354248047
7.384328842163086 -13.585844039916992 0.6940896511077881 1.5707964897155762 -0.0 17.279369354248047
5.6374192237854 -13.586909294128418 0.6940893530845642 1.5707964897155762 -0.0 17.279369354248047
3.8905105590820312 -13.587974548339844 0.6940890550613403 1.5707964897155762 -0.0 17.279369354248047
2.143601417541504 -13.58903980255127 0.6940887570381165 1.5707964897155762 -0.0 17.279369354248047
0.39669322967529297 -13.590105056762695 0.6940885186195374 1.5707964897155762 -0.0 17.279369354248047
-1.3502187728881836 -13.591170310974121 0.6940882205963135 1.5707964897155762 -0.0 17.279369354248047
-3.0971240997314453 -13.592235565185547 0.6940879225730896 1.5707964897155762 -0.0 17.279369354248047
-4.844038009643555 -13.593300819396973 0.6940876245498657 1.5707964897155762 -0.0 17.279369354248047
-6.590946197509766 -13.594366073608398 0.6940873861312866 1.5707964897155762 -0.0 17.279369354248047
-8.337860107421875 -13.595430374145508 0.6940870881080627 1.5707964897155762 -0.0 17.279369354248047
-10.084766387939453 -13.596495628356934 0.6940867900848389 1.5707964897155762 -0.0 17.279369354248047
-11.831674575805664 -13.59756088256836 0.694086492061615 1.5707964897155762 -0.0 17.279369354248047
2.3689305782318115 -9.93978500366211 0.6890576481819153 1.5707964897155762 -0.0 1.5707963705062866
4.115839958190918 -9.93978500366211 0.6890573501586914 1.5707964897155762 -0.0 1.5707963705062866
5.862750053405762 -9.93978500366211 0.6890570521354675 1.5707964897155762 -0.0 1.5707963705062866
7.609658241271973 -9.93978500366211 0.6890568137168884 1.5707964897155762 -0.0 1.5707963705062866
9.356571197509766 -9.93978500366211 0.6890565156936646 1.5707964897155762 -0.0 1.5707963705062866
11.103476524353027 -9.93978500366211 0.6890562176704407 1.5707964897155762 -0.0 1.5707963705062866
11.878374099731445 -10.952470779418945 0.6890576481819153 1.5707964897155762 -0.0 0.0
11.878374099731445 -12.699379920959473 0.6890573501586914 1.5707964897155762 -0.0 0.0
-2.5671825408935547 -35.71771240234375 0.6940901875495911 1.5707964897155762 -0.0 3.1421988010406494
0.9130286574363708 -35.71771240234375 0.6940901875495911 1.5707964897155762 -0.0 3.1421988010406494
-30.05588150024414 -39.89665985107422 0.6940901875495911 1.5707964897155762 -0.0 20.420963287353516
-28.30897331237793 -39.89559555053711 0.6940898895263672 1.5707964897155762 -0.0 20.420963287353516
-26.56206512451172 -39.894527435302734 0.6940896511077881 1.5707964897155762 -0.0 20.420963287353516
-24.815155029296875 -39.89345932006836 0.6940893530845642 1.5707964897155762 -0.0 20.420963287353516
-23.068246841430664 -39.892391204833984 0.6940890550613403 1.5707964897155762 -0.0 20.420963287353516
-21.321338653564453 -39.89132308959961 0.6940887570381165 1.5707964897155762 -0.0 20.420963287353516
-19.57442855834961 -39.890254974365234 0.6940885186195374 1.5707964897155762 -0.0 20.420963287353516
-17.827518463134766 -39.889190673828125 0.6940882205963135 1.5707964897155762 -0.0 20.420963287353516
-16.080612182617188 -39.88812255859375 0.6940879225730896 1.5707964897155762 -0.0 20.420963287353516
-14.333698272705078 -39.887054443359375 0.6940876245498657 1.5707964897155762 -0.0 20.420963287353516
-12.586790084838867 -39.885986328125 0.6940873265266418 1.5707964897155762 -0.0 20.420963287353516
-10.839876174926758 -39.884918212890625 0.6940870881080627 1.5707964897155762 -0.0 20.420963287353516
-9.09296989440918 -39.883853912353516 0.6940867900848389 1.5707964897155762 -0.0 20.420963287353516
-7.346061706542969 -39.88278579711914 0.694086492061615 1.5707964897155762 -0.0 20.420963287353516
-7.546138763427734 -44.0612907409668 0.6940901875495911 1.5707964897155762 -0.0 17.27937126159668
-9.293047904968262 -44.06235885620117 0.6940898895263672 1.5707964897155762 -0.0 17.27937126159668
-11.039957046508789 -44.06342697143555 0.6940896511077881 1.5707964897155762 -0.0 17.27937126159668
-12.786865234375 -44.06449508666992 0.6940893530845642 1.5707964897155762 -0.0 17.27937126159668
-14.533774375915527 -44.0655632019043 0.6940890550613403 1.5707964897155762 -0.0 17.27937126159668
-16.280683517456055 -44.06663131713867 0.6940887570381165 1.5707964897155762 -0.0 17.27937126159668
-18.027591705322266 -44.06769943237305 0.6940885186195374 1.5707964897155762 -0.0 17.27937126159668
-19.774503707885742 -44.06876754760742 0.6940882205963135 1.5707964897155762 -0.0 17.27937126159668
-21.521408081054688 -44.06983947753906 0.6940879225730896 1.5707964897155762 -0.0 17.27937126159668
-23.268321990966797 -44.07090759277344 0.6940876245498657 1.5707964897155762 -0.0 17.27937126159668
-25.01523208618164 -44.07197570800781 0.6940873265266418 1.5707964897155762 -0.0 17.27937126159668
-26.76214599609375 -44.07304382324219 0.6940870881080627 1.5707964897155762 -0.0 17.27937126159668
-28.509052276611328 -44.07411193847656 0.6940867900848389 1.5707964897155762 -0.0 17.27937126159668
-30.255958557128906 -44.07518005371094 0.694086492061615 1.5707964897155762 -0.0 17.27937126159668
