-2.235960006713867 -9.82278823852539 0.5830159783363342 1.5707964897155762 -0.0 3.1415929794311523
-2.2359604835510254 -8.075879096984863 0.5830156803131104 1.5707964897155762 -0.0 3.1415929794311523
-2.2359611988067627 -6.328969955444336 0.5830153822898865 1.5707964897155762 -0.0 3.1415929794311523
-2.235961675643921 -4.582060813903809 0.5830150842666626 1.5707964897155762 -0.0 3.1415929794311523
-2.235962390899658 -2.8351516723632812 0.5830148458480835 1.5707964897155762 -0.0 3.1415929794311523
-2.2359628677368164 -1.088242530822754 0.5830145478248596 1.5707964897155762 -0.0 3.1415929794311523
1.5131328105926514 0.7675246000289917 0.5830159783363342 1.5707964897155762 -0.0 0.0
1.5131328105926514 -0.9793845415115356 0.5830156803131104 1.5707964897155762 -0.0 0.0
1.5131328105926514 -2.7262938022613525 0.5830153822898865 1.5707964897155762 -0.0 0.0
1.5131328105926514 -4.473202705383301 0.5830150842666626 1.5707964897155762 -0.0 0.0
1.5131328105926514 -6.220111846923828 0.5830148458480835 1.5707964897155762 -0.0 0.0
1.5131328105926514 -7.9670209884643555 0.5830145478248596 1.5707964897155762 -0.0 0.0
-2.081666946411133 0.921675980091095 0.5830159783363342 1.5707964897155762 -0.0 1.5707963705062866
-0.3347576856613159 0.9216760396957397 0.5830156803131104 1.5707964897155762 -0.0 1.5707963705062866
-16.415163040161133 -9.867058753967285 0.58804851770401 1.5707964897155762 -0.0 1.5714019536972046
-14.668252944946289 -9.86600112915039 0.5880482196807861 1.5707964897155762 -0.0 1.5714019536972046
-12.921344757080078 -9.86494255065918 0.5880479216575623 1.5707964897155762 -0.0 1.5714019536972046
-11.174436569213867 -9.863884925842285 0.5880476236343384 1.5707964897155762 -0.0 1.5714019536972046
-9.427526473999023 -9.86282730102539 0.5880473852157593 1.5707964897155762 -0.0 1.5714019536972046
-7.6806182861328125 -9.86176872253418 0.5880470871925354 1.5707964897155762 -0.0 1.5714019536972046
-5.933710098266602 -9.860711097717285 0.5880467891693115 1.5707964897155762 -0.0 1.5714019536972046
-4.186800956726074 -9.85965347290039 0.5880464911460876 1.5707964897155762 -0.0 1.5714019536972046
-16.648693084716797 -34.51354217529297 0.58804851770401 1.5707964897155762 -0.0 3.1421985626220703
-16.649751663208008 -32.766632080078125 0.5880482196807861 1.5707964897155762 -0.0 3.1421985626220703
-16.65081024169922 -31.01972198486328 0.5880479216575623 1.5707964897155762 -0.0 3.1421985626220703
-16.65186882019043 -29.27281379699707 0.5880476236343384 1.5707964897155762 -0.0 3.1421985626220703
-16.65292739868164 -27.52590560913086 0.5880473852157593 1.5707964897155762 -0.0 3.1421985626220703
-16.65398597717285 -25.778995513916016 0.5880470871925354 1.5707964897155762 -0.0 3.1421985626220703
-16.655044555664062 -24.032089233398438 0.5880467891693115 1.5707964897155762 -0.0 3.1421985626220703
-16.656103134155273 -22.285179138183594 0.5880464911460876 1.5707964897155762 -0.0 3.1421985626220703
-16.657161712646484 -20.53826904296875 0.5880461931228638 1.5707964897155762 -0.0 3.1421985626220703
-16.658220291137695 -18.79136085510254 0.5880459547042847 1.5707964897155762 -0.0 3.1421985626220703
-16.659278869628906 -17.044452667236328 0.5880456566810608 1.5707964897155762 -0.0 3.1421985626220703
-16.660337448120117 -15.297542572021484 0.5880453586578369 1.5707964897155762 -0.0 3.1421985626220703
-16.661396026611328 -13.55063247680664 0.5880451202392578 1.5707964897155762 -0.0 3.1421985626220703
-16.66245460510254 -11.803718566894531 0.5880448222160339 1.5707964897155762 -0.0 3.1421985626220703
-2.649284839630127 -34.82746887207031 0.58804851770401 1.5707964897155762 -0.0 4.7129950523376465
-4.396193504333496 -34.82852554321289 0.5880482196807861 1.5707964897155762 -0.0 4.7129950523376465
-6.143102645874023 -34.829586029052734 0.5880479216575623 1.5707964897155762 -0.0 4.7129950523376465
-7.890010833740234 -34.83064270019531 0.5880476236343384 1.5707964897155762 -0.0 4.7129950523376465
-9.636919975280762 -34.831703186035156 0.5880473852157593 1.5707964897155762 -0.0 4.7129950523376465
-11.383829116821289 -34.832759857177734 0.5880470871925354 1.5707964897155762 -0.0 4.7129950523376465
-13.1307373046875 -34.83382034301758 0.5880467891693115 1.5707964897155762 -0.0 4.7129950523376465
-14.877646446228027 -34.834877014160156 0.5880464911460876 1.5707964897155762 -0.0 4.7129950523376465
11.437708854675293 -35.10182571411133 0.58804851770401 1.5707964897155762 -0.0 10.99618148803711
9.690800666809082 -35.10289001464844 0.5880482196807861 1.5707964897155762 -0.0 10.99618148803711
7.943891525268555 -35.10395050048828 0.5880479216575623 1.5707964897155762 -0.0 10.99618148803711
6.1969828605651855 -35.105010986328125 0.5880476236343384 1.5707964897155762 -0.0 10.99618148803711
4.450073719024658 -35.10607147216797 0.5880473852157593 1.5707964897155762 -0.0 10.99618148803711
2.703165054321289 -35.10713195800781 0.5880470871925354 1.5707964897155762 -0.0 10.99618148803711
11.515496253967285 -38.4427490234375 0.58804851770401 1.5707964897155762 -0.0 9.425385475158691
11.514434814453125 -36.695838928222656 0.5880482196807861 1.5707964897155762 -0.0 9.425385475158691
25.710872650146484 -38.51497268676758 0.58804851770401 1.5707964897155762 -0.0 10.996182441711426
23.963964462280273 -38.51603698730469 0.5880482196807861 1.5707964897155762 -0.0 10.996182441711426
22.21705436706543 -38.51709747314453 0.5880479216575623 1.5707964897155762 -0.0 10.996182441711426
20.47014617919922 -38.51816177368164 0.5880476236343384 1.5707964897155762 -0.0 10.996182441711426
18.723237991333008 -38.519222259521484 0.5880473852157593 1.5707964897155762 -0.0 10.996182441711426
16.976329803466797 -38.520286560058594 0.5880470871925354 1.5707964897155762 -0.0 10.996182441711426
15.229421615600586 -38.52134704589844 0.5880467891693115 1.5707964897155762 -0.0 10.996182441711426
13.482512474060059 -38.52241134643555 0.5880464911460876 1.5707964897155762 -0.0 10.996182441711426
25.9718017578125 -20.9664306640625 0.58804851770401 1.5707964897155762 -0.0 12.56697940826416
25.97286605834961 -22.71333885192871 0.5880482196807861 1.5707964897155762 -0.0 12.56697940826416
25.97393035888672 -24.460248947143555 0.5880479216575623 1.5707964897155762 -0.0 12.56697940826416
25.974992752075195 -26.207157135009766 0.5880476236343384 1.5707964897155762 -0.0 12.56697940826416
25.976057052612305 -27.954065322875977 0.5880473852157593 1.5707964897155762 -0.0 12.56697940826416
25.97711944580078 -29.700973510742188 0.5880470871925354 1.5707964897155762 -0.0 12.56697940826416
25.97818374633789 -31.4478816986084 0.5880467891693115 1.5707964897155762 -0.0 12.56697940826416
25.979248046875 -33.19478988647461 0.5880464911460876 1.5707964897155762 -0.0 12.56697940826416
25.980310440063477 -34.94169998168945 0.5880461931228638 1.5707964897155762 -0.0 12.56697940826416
25.981374740600586 -36.6886100769043 0.5880459547042847 1.5707964897155762 -0.0 12.56697940826416
12.050785064697266 -20.815814971923828 0.58804851770401 1.5707964897155762 -0.0 14.137776374816895
13.797693252563477 -20.81475067138672 0.5880482196807861 1.5707964897155762 -0.0 14.137776374816895
15.544602394104004 -20.813684463500977 0.5880479216575623 1.5707964897155762 -0.0 14.137776374816895
17.29151153564453 -20.812620162963867 0.5880476236343384 1.5707964897155762 -0.0 14.137776374816895
19.038419723510742 -20.811555862426758 0.5880473852157593 1.5707964897155762 -0.0 14.137776374816895
20.785327911376953 -20.81049156188965 0.5880470871925354 1.5707964897155762 -0.0 14.137776374816895
22.532236099243164 -20.80942726135254 0.5880467891693115 1.5707964897155762 -0.0 14.137776374816895
26.0340518951416 -20.925107955932617 0.8648897409439087 1.5707964897155762 -0.0 14.137776374816895
26.03404998779297 -20.925107955932617 0.5189687013626099 1.5707964897155762 -0.0 14.137776374816895
24.279144287109375 -20.80836296081543 0.5880464911460876 1.5707964897155762 -0.0 14.137776374816895
12.017751693725586 -31.170175552368164 0.58804851770401 1.5707964897155762 -0.0 15.708572387695312
12.016687393188477 -29.423267364501953 0.5880482196807861 1.5707964897155762 -0.0 15.708572387695312
12.015624046325684 -27.67635726928711 0.5880479216575623 1.5707964897155762 -0.0 15.708572387695312
12.014559745788574 -25.9294490814209 0.5880476236343384 1.5707964897155762 -0.0 15.708572387695312
12.013495445251465 -24.182540893554688 0.5880473852157593 1.5707964897155762 -0.0 15.708572387695312
12.012431144714355 -22.435632705688477 0.5880470871925354 1.5707964897155762 -0.0 15.708572387695312
-12.638206481933594 -31.065654754638672 0.58804851770401 1.5707964897155762 -0.0 20.420963287353516
-10.891298294067383 -31.06458854675293 0.5880482196807861 1.5707964897155762 -0.0 20.420963287353516
-9.144389152526855 -31.063520431518555 0.5880479216575623 1.5707964897155762 -0.0 20.420963287353516
-7.3974809646606445 -31.06245231628418 0.5880476236343384 1.5707964897155762 -0.0 20.420963287353516
-5.650571823120117 -31.061386108398438 0.5880473852157593 1.5707964897155762 -0.0 20.420963287353516
-3.9036636352539062 -31.060317993164062 0.5880470871925354 1.5707964897155762 -0.0 20.420963287353516
-2.1567554473876953 -31.059249877929688 0.5880467891693115 1.5707964897155762 -0.0 20.420963287353516
-0.40984630584716797 -31.058183670043945 0.5880464911460876 1.5707964897155762 -0.0 20.420963287353516
1.3370637893676758 -31.05711555480957 0.5880461931228638 1.5707964897155762 -0.0 20.420963287353516
3.0839719772338867 -31.056047439575195 0.5880459547042847 1.5707964897155762 -0.0 20.420963287353516
4.830881118774414 -31.054981231689453 0.5880456566810608 1.5707964897155762 -0.0 20.420963287353516
6.577791213989258 -31.053913116455078 0.5880453586578369 1.5707964897155762 -0.0 20.420963287353516
8.324701309204102 -31.052846908569336 0.5880451202392578 1.5707964897155762 -0.0 20.420963287353516
10.071615219116211 -31.05177879333496 0.5880448222160339 1.5707964897155762 -0.0 20.420963287353516
-12.608186721801758 -13.719730377197266 0.58804851770401 1.5707964897155762 -0.0 18.85016632080078
-12.607120513916016 -15.466638565063477 0.5880482196807861 1.5707964897155762 -0.0 18.85016632080078
-12.606054306030273 -17.213546752929688 0.5880479216575623 1.5707964897155762 -0.0 18.85016632080078
-12.604988098144531 -18.96045684814453 0.5880476236343384 1.5707964897155762 -0.0 18.85016632080078
-12.603921890258789 -20.707365036010742 0.5880473852157593 1.5707964897155762 -0.0 18.85016632080078
-12.602855682373047 -22.454273223876953 0.5880470871925354 1.5707964897155762 -0.0 18.85016632080078
-12.601788520812988 -24.201181411743164 0.5880467891693115 1.5707964897155762 -0.0 18.85016632080078
-12.600722312927246 -25.948089599609375 0.5880464911460876 1.5707964897155762 -0.0 18.85016632080078
-12.599656105041504 -27.69499969482422 0.5880461931228638 1.5707964897155762 -0.0 18.85016632080078
-12.598589897155762 -29.441909790039062 0.5880459547042847 1.5707964897155762 -0.0 18.85016632080078
11.761058807373047 -13.702341079711914 0.58804851770401 1.5707964897155762 -0.0 17.279369354248047
10.014150619506836 -13.70340633392334 0.5880482196807861 1.5707964897155762 -0.0 17.279369354248047
8.267241477966309 -13.704471588134766 0.5880479216575623 1.5707964897155762 -0.0 17.279369354248047
6.5203328132629395 -13.705536842346191 0.5880476236343384 1.5707964897155762 -0.0 17.279369354248047
4.773423671722412 -13.706602096557617 0.5880473852157593 1.5707964897155762 -0.0 17.279369354248047
3.0265159606933594 -13.707667350769043 0.5880470871925354 1.5707964897155762 -0.0 17.279369354248047
1.2796077728271484 -13.708732604980469 0.5880467891693115 1.5707964897155762 -0.0 17.279369354248047
-0.4673013687133789 -13.709797859191895 0.5880464911460876 1.5707964897155762 -0.0 17.279369354248047
-2.2142114639282227 -13.71086311340332 0.5880461931228638 1.5707964897155762 -0.0 17.279369354248047
-3.9611196517944336 -13.711928367614746 0.5880459547042847 1.5707964897155762 -0.0 17.279369354248047
-5.708028793334961 -13.712993621826172 0.5880456566810608 1.5707964897155762 -0.0 17.279369354248047
-7.454938888549805 -13.714058876037598 0.5880453586578369 1.5707964897155762 -0.0 17.279369354248047
-9.201848983764648 -13.715124130249023 0.5880451202392578 1.5707964897155762 -0.0 17.279369354248047
-10.948762893676758 -13.71618938446045 0.5880448222160339 1.5707964897155762 -0.0 17.279369354248047
1.486090064048767 -9.820619583129883 0.5830159783363342 1.5707964897155762 -0.0 1.5707963705062866
3.232999324798584 -9.820618629455566 0.5830156803131104 1.5707964897155762 -0.0 1.5707963705062866
4.979908466339111 -9.820618629455566 0.5830153822898865 1.5707964897155762 -0.0 1.5707963705062866
6.7268171310424805 -9.820618629455566 0.5830150842666626 1.5707964897155762 -0.0 1.5707963705062866
8.473726272583008 -9.820618629455566 0.5830148458480835 1.5707964897155762 -0.0 1.5707963705062866
10.220635414123535 -9.820618629455566 0.5830145478248596 1.5707964897155762 -0.0 1.5707963705062866
11.997539520263672 -10.069629669189453 0.5830159783363342 1.5707964897155762 -0.0 0.0
11.997539520263672 -11.81653881072998 0.5830156803131104 1.5707964897155762 -0.0 0.0
-2.6858134269714355 -36.60062789916992 0.58804851770401 1.5707964897155762 -0.0 3.1421988010406494
0.7943977117538452 -36.60062789916992 0.58804851770401 1.5707964897155762 -0.0 3.1421988010406494
-30.93879508972168 -39.77803421020508 0.58804851770401 1.5707964897155762 -0.0 20.420963287353516
-29.19188690185547 -39.7769660949707 0.5880482196807861 1.5707964897155762 -0.0 20.420963287353516
-27.444976806640625 -39.77589797973633 0.5880479216575623 1.5707964897155762 -0.0 20.420963287353516
-25.698070526123047 -39.77483367919922 0.5880476236343384 1.5707964897155762 -0.0 20.420963287353516
-23.951160430908203 -39.773765563964844 0.5880473852157593 1.5707964897155762 -0.0 20.420963287353516
-22.204252243041992 -39.77269744873047 0.5880470871925354 1.5707964897155762 -0.0 20.420963287353516
-20.45734405517578 -39.771629333496094 0.5880467891693115 1.5707964897155762 -0.0 20.420963287353516
-18.710433959960938 -39.77056121826172 0.5880464911460876 1.5707964897155762 -0.0 20.420963287353516
-16.963523864746094 -39.76949691772461 0.5880461931228638 1.5707964897155762 -0.0 20.420963287353516
-15.2166166305542 -39.768428802490234 0.5880459547042847 1.5707964897155762 -0.0 20.420963287353516
-13.469707489013672 -39.76736068725586 0.5880456566810608 1.5707964897155762 -0.0 20.420963287353516
-11.722797393798828 -39.766292572021484 0.5880453586578369 1.5707964897155762 -0.0 20.420963287353516
-9.975887298583984 -39.76522445678711 0.5880451202392578 1.5707964897155762 -0.0 20.420963287353516
-8.228973388671875 -39.764156341552734 0.5880448222160339 1.5707964897155762 -0.0 20.420963287353516
-6.6632256507873535 -44.17991638183594 0.58804851770401 1.5707964897155762 -0.0 17.27937126159668
-8.410134315490723 -44.18098449707031 0.5880482196807861 1.5707964897155762 -0.0 17.27937126159668
-10.15704345703125 -44.18205261230469 0.5880479216575623 1.5707964897155762 -0.0 17.27937126159668
-11.903951644897461 -44.18312072753906 0.5880476236343384 1.5707964897155762 -0.0 17.27937126159668
-13.650860786437988 -44.18418884277344 0.5880473852157593 1.5707964897155762 -0.0 17.27937126159668
-15.3977689743042 -44.18525695800781 0.5880470871925354 1.5707964897155762 -0.0 17.27937126159668
-17.144676208496094 -44.18632507324219 0.5880467891693115 1.5707964897155762 -0.0 17.27937126159668
-18.891586303710938 -44.18739700317383 0.5880464911460876 1.5707964897155762 -0.0 17.27937126159668
-20.63849639892578 -44.1884651184082 0.5880461931228638 1.5707964897155762 -0.0 17.27937126159668
-22.385404586791992 -44.18953323364258 0.5880459547042847 1.5707964897155762 -0.0 17.27937126159668
-24.132312774658203 -44.19060134887695 0.5880456566810608 1.5707964897155762 -0.0 17.27937126159668
-25.879222869873047 -44.19166946411133 0.5880453586578369 1.5707964897155762 -0.0 17.27937126159668
-27.62613296508789 -44.1927375793457 0.5880451202392578 1.5707964897155762 -0.0 17.27937126159668
-29.373046875 -44.19380569458008 0.5880448222160339 1.5707964897155762 -0.0 17.27937126159668
