10.460053443908691 -37.25275802612305 0.034791603684425354 0.0 -0.0 0.0
10.787652969360352 -36.66672134399414 0.034791603684425354 0.0 -0.0 0.0
10.916871070861816 -37.12353515625 0.034791603684425354 0.0 -0.0 0.0
-19.040281295776367 -40.968475341796875 0.034791603684425354 0.0 -0.0 0.0
11.2444486618042 -36.53750991821289 0.034791603684425354 0.0 -0.0 0.0
11.373666763305664 -36.99432373046875 0.034791603684425354 0.0 -0.0 0.0
-19.522525787353516 -40.5013542175293 0.034791603684425354 0.0 -0.0 0.0
-19.047840118408203 -40.49379348754883 0.034791603684425354 0.0 -0.0 0.0
11.701266288757324 -36.408287048339844 0.034791603684425354 0.0 -0.0 0.0
11.830485343933105 -36.86510467529297 0.034791603684425354 0.0 -0.0 0.0
11.959704399108887 -37.32192611694336 0.034791603684425354 0.0 -0.0 0.0
-19.530086517333984 -40.02667236328125 0.034791603684425354 0.0 -0.0 0.0
-19.055402755737305 -40.01911163330078 0.034791603684425354 0.0 -0.0 0.0
-18.58072280883789 -40.01155090332031 0.034791603684425354 0.0 -0.0 0.0
9.856708526611328 -37.869686126708984 0.034791603684425354 0.0 -0.0 0.0
10.197307586669922 -37.40242004394531 0.034791603684425354 0.0 -0.0 0.0
10.461294174194336 -37.64386749267578 0.034791603684425354 0.0 -0.0 0.0
-19.537647247314453 -39.5519905090332 0.034791603684425354 0.0 -0.0 0.0
-19.062963485717773 -39.54443359375 0.034791603684425354 0.0 -0.0 0.0
-18.58828353881836 -39.53687286376953 0.034791603684425354 0.0 -0.0 0.0
9.84914779663086 -37.3950080871582 0.034791603684425354 0.0 -0.0 0.0
10.189746856689453 -36.92774200439453 0.034791603684425354 0.0 -0.0 0.0
-19.434879302978516 -38.63599395751953 0.034791603684425354 0.0 -0.0 0.0
-19.070524215698242 -39.06975173950195 0.034791603684425354 0.0 -0.0 0.0
-18.595844268798828 -39.062191009521484 0.034791603684425354 0.0 -0.0 0.0
9.841588973999023 -36.920326232910156 0.034791603684425354 0.0 -0.0 0.0
10.182186126708984 -36.453060150146484 0.034791603684425354 0.0 -0.0 0.0
-19.442440032958984 -38.161312103271484 0.034791603684425354 0.0 -0.0 0.0
-19.078083038330078 -38.595069885253906 0.034791603684425354 0.0 -0.0 0.0
-18.60340118408203 -38.58750915527344 0.034791603684425354 0.0 -0.0 0.0
9.834026336669922 -36.44564437866211 0.034791603684425354 0.0 -0.0 0.0
10.308704376220703 -36.43808364868164 0.034791603684425354 0.0 -0.0 0.0
-19.449996948242188 -37.68663024902344 0.034791603684425354 0.0 -0.0 0.0
-19.08564567565918 -38.12038803100586 0.034791603684425354 0.0 -0.0 0.0
-18.610963821411133 -38.11282730102539 0.034791603684425354 0.0 -0.0 0.0
9.318506240844727 -37.664161682128906 0.034791603684425354 0.0 -0.0 0.0
9.79318618774414 -37.65660095214844 0.034791603684425354 0.0 -0.0 0.0
11.57809066772461 -36.925289154052734 0.034791603684425354 0.0 -0.0 0.0
12.903392791748047 -36.97307205200195 0.034791603684425354 0.0 -0.0 0.0
13.378070831298828 -36.965511322021484 0.034791603684425354 0.0 -0.0 0.0
13.852752685546875 -36.957950592041016 0.034791603684425354 0.0 -0.0 0.0
14.327434539794922 -36.95038986206055 0.034791603684425354 0.0 -0.0 0.0
14.840423583984375 -37.268455505371094 0.034791603684425354 0.0 -0.0 0.0
15.608060836791992 -37.919193267822266 0.034791603684425354 0.0 -0.0 0.0
-19.457561492919922 -37.211952209472656 0.034791603684425354 0.0 -0.0 0.0
-19.09320640563965 -37.64570999145508 0.034791603684425354 0.0 -0.0 0.0
-18.618526458740234 -37.63814926147461 0.034791603684425354 0.0 -0.0 0.0
11.655380249023438 -36.73482894897461 0.034791603684425354 0.0 -0.0 0.0
12.98067855834961 -36.78261184692383 0.034791603684425354 0.0 -0.0 0.0
13.455360412597656 -36.775047302246094 0.034791603684425354 0.0 -0.0 0.0
13.930042266845703 -36.76749038696289 0.034791603684425354 0.0 -0.0 0.0
11.570526123046875 -36.45060729980469 0.034791603684425354 0.0 -0.0 0.0
12.895832061767578 -36.49838638305664 0.034791603684425354 0.0 -0.0 0.0
13.370508193969727 -36.49082946777344 0.034791603684425354 0.0 -0.0 0.0
13.845191955566406 -36.48326873779297 0.034791603684425354 0.0 -0.0 0.0
14.31987190246582 -36.4757080078125 0.034791603684425354 0.0 -0.0 0.0
14.832860946655273 -36.79376983642578 0.034791603684425354 0.0 -0.0 0.0
15.600500106811523 -37.44451141357422 0.034791603684425354 0.0 -0.0 0.0
16.075180053710938 -37.43695068359375 0.034791603684425354 0.0 -0.0 0.0
-20.41448211669922 -36.75238800048828 0.034791603684425354 0.0 -0.0 0.0
-19.939796447753906 -36.74483108520508 0.034791603684425354 0.0 -0.0 0.0
-19.465118408203125 -36.73727035522461 0.034791603684425354 0.0 -0.0 0.0
-19.100765228271484 -37.171024322509766 0.034791603684425354 0.0 -0.0 0.0
-18.626083374023438 -37.16346740722656 0.034791603684425354 0.0 -0.0 0.0
12.973119735717773 -36.30792999267578 0.034791603684425354 0.0 -0.0 0.0
13.447799682617188 -36.30036926269531 0.034791603684425354 0.0 -0.0 0.0
13.922481536865234 -36.292808532714844 0.034791603684425354 0.0 -0.0 0.0
12.451896667480469 -36.356895446777344 0.034791603684425354 0.0 -0.0 0.0
14.111776351928711 -35.993465423583984 0.034791603684425354 0.0 -0.0 0.0
14.720539093017578 -36.44561004638672 0.034791603684425354 0.0 -0.0 0.0
15.233526229858398 -36.763675689697266 0.034791603684425354 0.0 -0.0 0.0
-19.472679138183594 -36.26258850097656 0.034791603684425354 0.0 -0.0 0.0
-19.10832977294922 -36.696346282958984 0.034791603684425354 0.0 -0.0 0.0
-18.633647918701172 -36.688785552978516 0.034791603684425354 0.0 -0.0 0.0
-18.158985137939453 -36.68122482299805 0.034791603684425354 0.0 -0.0 0.0
14.776084899902344 -36.03544235229492 0.034791603684425354 0.0 -0.0 0.0
15.384843826293945 -36.48759078979492 0.034791603684425354 0.0 -0.0 0.0
-19.61815071105957 -35.153533935546875 0.034791603684425354 0.0 -0.0 0.0
-19.14346694946289 -35.145973205566406 0.034791603684425354 0.0 -0.0 0.0
-18.64120864868164 -36.2141227722168 0.034791603684425354 0.0 -0.0 0.0
-18.166547775268555 -36.206565856933594 0.034791603684425354 0.0 -0.0 0.0
14.90260124206543 -36.02048873901367 0.034791603684425354 0.0 -0.0 0.0
15.37728500366211 -36.0129280090332 0.034791603684425354 0.0 -0.0 0.0
-19.62571144104004 -34.67885208129883 0.034791603684425354 0.0 -0.0 0.0
-19.151033401489258 -34.67129135131836 0.034791603684425354 0.0 -0.0 0.0
-18.64876937866211 -35.739444732666016 0.034791603684425354 0.0 -0.0 0.0
-18.17410659790039 -35.73188400268555 0.034791603684425354 0.0 -0.0 0.0
14.895044326782227 -35.545806884765625 0.034791603684425354 0.0 -0.0 0.0
15.369722366333008 -35.538246154785156 0.034791603684425354 0.0 -0.0 0.0
-19.633272171020508 -34.20417404174805 0.034791603684425354 0.0 -0.0 0.0
-19.15859031677246 -34.19661331176758 0.034791603684425354 0.0 -0.0 0.0
-18.656330108642578 -35.26476287841797 0.034791603684425354 0.0 -0.0 0.0
-18.18166732788086 -35.257205963134766 0.034791603684425354 0.0 -0.0 0.0
15.52242660522461 -35.66374969482422 0.034791603684425354 0.0 -0.0 0.0
15.997112274169922 -35.65618896484375 0.034791603684425354 0.0 -0.0 0.0
-19.640832901000977 -33.7294921875 0.034791603684425354 0.0 -0.0 0.0
-19.16615104675293 -33.721927642822266 0.034791603684425354 0.0 -0.0 0.0
-18.663890838623047 -34.79008102416992 0.034791603684425354 0.0 -0.0 0.0
-18.189228057861328 -34.78252410888672 0.034791603684425354 0.0 -0.0 0.0
15.514867782592773 -35.18906784057617 0.034791603684425354 0.0 -0.0 0.0
15.98954963684082 -35.1815071105957 0.034791603684425354 0.0 -0.0 0.0
-18.68301010131836 -33.530635833740234 0.034791603684425354 0.0 -0.0 0.0
-18.208332061767578 -33.5230712890625 0.034791603684425354 0.0 -0.0 0.0
-18.67144775390625 -34.31540298461914 0.034791603684425354 0.0 -0.0 0.0
-18.196788787841797 -34.30784225463867 0.034791603684425354 0.0 -0.0 0.0
15.032626152038574 -34.721946716308594 0.034791603684425354 0.0 -0.0 0.0
15.149839401245117 -34.714385986328125 0.034791603684425354 0.0 -0.0 0.0
15.624521255493164 -34.706825256347656 0.034791603684425354 0.0 -0.0 0.0
-18.690570831298828 -33.05595397949219 0.034791603684425354 0.0 -0.0 0.0
-18.215890884399414 -33.04839324951172 0.034791603684425354 0.0 -0.0 0.0
-17.741209030151367 -33.040828704833984 0.034791603684425354 0.0 -0.0 0.0
15.025065422058105 -34.24726867675781 0.034791603684425354 0.0 -0.0 0.0
15.142276763916016 -34.239707946777344 0.034791603684425354 0.0 -0.0 0.0
15.616962432861328 -34.232147216796875 0.034791603684425354 0.0 -0.0 0.0
-22.970239639282227 -32.07008743286133 0.034791603684425354 0.0 -0.0 0.0
-22.49555778503418 -32.06252670288086 0.034791603684425354 0.0 -0.0 0.0
-22.02090072631836 -32.41353988647461 0.034791603684425354 0.0 -0.0 0.0
-21.546218872070312 -32.62663650512695 0.034791603684425354 0.0 -0.0 0.0
-21.071535110473633 -32.619075775146484 0.034791603684425354 0.0 -0.0 0.0
-20.59685707092285 -32.611515045166016 0.034791603684425354 0.0 -0.0 0.0
-20.122175216674805 -32.60395431518555 0.034791603684425354 0.0 -0.0 0.0
-19.647493362426758 -32.59639358520508 0.034791603684425354 0.0 -0.0 0.0
-19.172813415527344 -32.58883285522461 0.034791603684425354 0.0 -0.0 0.0
-18.698131561279297 -32.58127212524414 0.034791603684425354 0.0 -0.0 0.0
-18.223451614379883 -32.57371139526367 0.034791603684425354 0.0 -0.0 0.0
-17.748767852783203 -32.5661506652832 0.034791603684425354 0.0 -0.0 0.0
15.13471794128418 -33.7650260925293 0.034791603684425354 0.0 -0.0 0.0
15.609397888183594 -33.75746154785156 0.034791603684425354 0.0 -0.0 0.0
-25.257104873657227 -33.03010559082031 0.034791603684425354 0.0 -0.0 0.0
-25.29038429260254 -33.124141693115234 0.034791603684425354 0.0 -0.0 0.0
-24.815706253051758 -33.116580963134766 0.034791603684425354 0.0 -0.0 0.0
-24.341026306152344 -33.1090202331543 0.034791603684425354 0.0 -0.0 0.0
-23.866342544555664 -33.10145950317383 0.034791603684425354 0.0 -0.0 0.0
-23.39166259765625 -33.093894958496094 0.034791603684425354 0.0 -0.0 0.0
-22.916982650756836 -33.08633804321289 0.034791603684425354 0.0 -0.0 0.0
-22.44230079650879 -33.07877731323242 0.034791603684425354 0.0 -0.0 0.0
-25.41640853881836 -31.87973976135254 0.034791603684425354 0.0 -0.0 0.0
-22.50311851501465 -31.587844848632812 0.034791603684425354 0.0 -0.0 0.0
-22.028461456298828 -31.93885612487793 0.034791603684425354 0.0 -0.0 0.0
-21.55377960205078 -32.151954650878906 0.034791603684425354 0.0 -0.0 0.0
-21.0790958404541 -32.14439392089844 0.034791603684425354 0.0 -0.0 0.0
-20.60441780090332 -32.13683319091797 0.034791603684425354 0.0 -0.0 0.0
-20.129735946655273 -32.1292724609375 0.034791603684425354 0.0 -0.0 0.0
-19.655052185058594 -32.12171173095703 0.034791603684425354 0.0 -0.0 0.0
-19.180374145507812 -32.11415100097656 0.034791603684425354 0.0 -0.0 0.0
-18.705692291259766 -32.106590270996094 0.034791603684425354 0.0 -0.0 0.0
-18.23101043701172 -32.099029541015625 0.034791603684425354 0.0 -0.0 0.0
-17.756330490112305 -32.091468811035156 0.034791603684425354 0.0 -0.0 0.0
15.127157211303711 -33.29034423828125 0.034791603684425354 0.0 -0.0 0.0
15.601839065551758 -33.28278350830078 0.034791603684425354 0.0 -0.0 0.0
-25.264671325683594 -32.55542755126953 0.034791603684425354 0.0 -0.0 0.0
-25.297950744628906 -32.64945983886719 0.034791603684425354 0.0 -0.0 0.0
-24.823266983032227 -32.283329010009766 0.034791603684425354 0.0 -0.0 0.0
-24.348581314086914 -32.2757682800293 0.034791603684425354 0.0 -0.0 0.0
-23.8739070892334 -32.26820755004883 0.034791603684425354 0.0 -0.0 0.0
-23.39922332763672 -32.26064682006836 0.034791603684425354 0.0 -0.0 0.0
-22.924543380737305 -32.25308609008789 0.034791603684425354 0.0 -0.0 0.0
-22.44986343383789 -32.245521545410156 0.034791603684425354 0.0 -0.0 0.0
-25.41693878173828 -32.13387680053711 0.034791603684425354 0.0 -0.0 0.0
-22.510679244995117 -31.33382225036621 0.034791603684425354 0.0 -0.0 0.0
-22.036020278930664 -31.684833526611328 0.034791603684425354 0.0 -0.0 0.0
-21.56134033203125 -31.67727279663086 0.034791603684425354 0.0 -0.0 0.0
-21.08665657043457 -31.66971206665039 0.034791603684425354 0.0 -0.0 0.0
-20.611976623535156 -31.662151336669922 0.034791603684425354 0.0 -0.0 0.0
-20.13729476928711 -31.654590606689453 0.034791603684425354 0.0 -0.0 0.0
-19.662614822387695 -31.647029876708984 0.034791603684425354 0.0 -0.0 0.0
-19.18793487548828 -31.639469146728516 0.034791603684425354 0.0 -0.0 0.0
-18.7132511138916 -31.631908416748047 0.034791603684425354 0.0 -0.0 0.0
-18.23857307434082 -31.624347686767578 0.034791603684425354 0.0 -0.0 0.0
-17.76388931274414 -31.61678695678711 0.034791603684425354 0.0 -0.0 0.0
15.119600296020508 -32.81565856933594 0.034791603684425354 0.0 -0.0 0.0
15.594278335571289 -32.808101654052734 0.034791603684425354 0.0 -0.0 0.0
-22.867481231689453 -31.723703384399414 0.034791603684425354 0.0 -0.0 0.0
-22.831226348876953 -31.630773544311523 0.034791603684425354 0.0 -0.0 0.0
-23.305908203125 -31.62322425842285 0.034791603684425354 0.0 -0.0 0.0
-23.78058624267578 -31.61566925048828 0.034791603684425354 0.0 -0.0 0.0
-24.255266189575195 -31.608112335205078 0.034791603684425354 0.0 -0.0 0.0
-24.729949951171875 -31.600561141967773 0.034791603684425354 0.0 -0.0 0.0
-25.204633712768555 -31.593008041381836 0.034791603684425354 0.0 -0.0 0.0
-22.70566177368164 -31.881174087524414 0.034791603684425354 0.0 -0.0 0.0
-22.230979919433594 -31.873613357543945 0.034791603684425354 0.0 -0.0 0.0
-24.943410873413086 -32.05192184448242 0.034791603684425354 0.0 -0.0 0.0
-25.418067932128906 -32.044368743896484 0.034791603684425354 0.0 -0.0 0.0
15.112035751342773 -32.34098434448242 0.034791603684425354 0.0 -0.0 0.0
15.586721420288086 -32.33341979980469 0.034791603684425354 0.0 -0.0 0.0
-26.002710342407227 -31.94461441040039 0.034791603684425354 0.0 -0.0 0.0
-22.868013381958008 -31.97783851623535 0.034791603684425354 0.0 -0.0 0.0
15.104476928710938 -31.86629867553711 0.034791603684425354 0.0 -0.0 0.0
15.579160690307617 -31.85873794555664 0.034791603684425354 0.0 -0.0 0.0
-26.010269165039062 -31.46993637084961 0.034791603684425354 0.0 -0.0 0.0
-25.535593032836914 -31.46237564086914 0.034791603684425354 0.0 -0.0 0.0
15.096916198730469 -31.391620635986328 0.034791603684425354 0.0 -0.0 0.0
15.571598052978516 -31.384056091308594 0.034791603684425354 0.0 -0.0 0.0
-26.955636978149414 -31.795143127441406 0.034791603684425354 0.0 -0.0 0.0
-26.480953216552734 -31.787582397460938 0.034791603684425354 0.0 -0.0 0.0
14.972142219543457 -30.92449951171875 0.034791603684425354 0.0 -0.0 0.0
15.089353561401367 -30.91693878173828 0.034791603684425354 0.0 -0.0 0.0
15.564035415649414 -30.909378051757812 0.034791603684425354 0.0 -0.0 0.0
-27.437850952148438 -31.328025817871094 0.034791603684425354 0.0 -0.0 0.0
-26.963197708129883 -31.320465087890625 0.034791603684425354 0.0 -0.0 0.0
-26.488515853881836 -31.312902450561523 0.034791603684425354 0.0 -0.0 0.0
14.964581489562988 -30.449817657470703 0.034791603684425354 0.0 -0.0 0.0
15.081792831420898 -30.442256927490234 0.034791603684425354 0.0 -0.0 0.0
15.556478500366211 -30.434696197509766 0.034791603684425354 0.0 -0.0 0.0
-27.445411682128906 -30.853343963623047 0.034791603684425354 0.0 -0.0 0.0
-26.970752716064453 -30.845783233642578 0.034791603684425354 0.0 -0.0 0.0
-26.496070861816406 -30.83822250366211 0.034791603684425354 0.0 -0.0 0.0
14.95702075958252 -29.975139617919922 0.034791603684425354 0.0 -0.0 0.0
15.43170166015625 -29.967578887939453 0.034791603684425354 0.0 -0.0 0.0
15.90638542175293 -29.96001434326172 0.034791603684425354 0.0 -0.0 0.0
-27.452970504760742 -30.378664016723633 0.034791603684425354 0.0 -0.0 0.0
-26.978313446044922 -30.371103286743164 0.034791603684425354 0.0 -0.0 0.0
-26.503637313842773 -30.363544464111328 0.034791603684425354 0.0 -0.0 0.0
14.949461936950684 -29.50045394897461 0.034791603684425354 0.0 -0.0 0.0
15.424139022827148 -29.49289321899414 0.034791603684425354 0.0 -0.0 0.0
-27.460533142089844 -29.904022216796875 0.034791603684425354 0.0 -0.0 0.0
-26.98587989807129 -29.896461486816406 0.034791603684425354 0.0 -0.0 0.0
-26.511198043823242 -29.88890266418457 0.034791603684425354 0.0 -0.0 0.0
14.941899299621582 -29.02581787109375 0.034791603684425354 0.0 -0.0 0.0
15.416580200195312 -29.01825714111328 0.034791603684425354 0.0 -0.0 0.0
-27.468093872070312 -29.429344177246094 0.034791603684425354 0.0 -0.0 0.0
-26.993436813354492 -29.421783447265625 0.034791603684425354 0.0 -0.0 0.0
14.934340476989746 -28.551136016845703 0.034791603684425354 0.0 -0.0 0.0
15.409019470214844 -28.543575286865234 0.034791603684425354 0.0 -0.0 0.0
-27.475648880004883 -28.954662322998047 0.034791603684425354 0.0 -0.0 0.0
-27.00099754333496 -28.947101593017578 0.034791603684425354 0.0 -0.0 0.0
14.926783561706543 -28.076454162597656 0.034791603684425354 0.0 -0.0 0.0
15.401456832885742 -28.068897247314453 0.034791603684425354 0.0 -0.0 0.0
-27.483213424682617 -28.479984283447266 0.034791603684425354 0.0 -0.0 0.0
-27.008562088012695 -28.47241973876953 0.034791603684425354 0.0 -0.0 0.0
14.919222831726074 -27.60177230834961 0.034791603684425354 0.0 -0.0 0.0
15.393898010253906 -27.594215393066406 0.034791603684425354 0.0 -0.0 0.0
-27.490774154663086 -28.00530242919922 0.034791603684425354 0.0 -0.0 0.0
-27.016117095947266 -27.99774169921875 0.034791603684425354 0.0 -0.0 0.0
14.91165828704834 -27.127094268798828 0.034791603684425354 0.0 -0.0 0.0
15.386337280273438 -27.119537353515625 0.034791603684425354 0.0 -0.0 0.0
-27.498332977294922 -27.530620574951172 0.034791603684425354 0.0 -0.0 0.0
-27.0236759185791 -27.52306365966797 0.034791603684425354 0.0 -0.0 0.0
14.904097557067871 -26.652416229248047 0.034791603684425354 0.0 -0.0 0.0
15.378776550292969 -26.644851684570312 0.034791603684425354 0.0 -0.0 0.0
-27.505897521972656 -27.05593490600586 0.034791603684425354 0.0 -0.0 0.0
-27.03123664855957 -27.048377990722656 0.034791603684425354 0.0 -0.0 0.0
14.896536827087402 -26.177734375 0.034791603684425354 0.0 -0.0 0.0
15.371217727661133 -26.170169830322266 0.034791603684425354 0.0 -0.0 0.0
-27.51345443725586 -26.58125877380371 0.034791603684425354 0.0 -0.0 0.0
-27.038799285888672 -26.573699951171875 0.034791603684425354 0.0 -0.0 0.0
14.8889741897583 -25.703048706054688 0.034791603684425354 0.0 -0.0 0.0
15.363656997680664 -25.695491790771484 0.034791603684425354 0.0 -0.0 0.0
-27.52101707458496 -26.10657501220703 0.034791603684425354 0.0 -0.0 0.0
-27.04636001586914 -26.099018096923828 0.034791603684425354 0.0 -0.0 0.0
14.8814115524292 -25.228370666503906 0.034791603684425354 0.0 -0.0 0.0
15.356098175048828 -25.220809936523438 0.034791603684425354 0.0 -0.0 0.0
-28.003259658813477 -25.63945770263672 0.034791603684425354 0.0 -0.0 0.0
-27.528575897216797 -25.63189697265625 0.034791603684425354 0.0 -0.0 0.0
-27.053924560546875 -25.62433624267578 0.034791603684425354 0.0 -0.0 0.0
14.873852729797363 -24.753692626953125 0.034791603684425354 0.0 -0.0 0.0
15.34853744506836 -24.74612808227539 0.034791603684425354 0.0 -0.0 0.0
-28.010820388793945 -25.164775848388672 0.034791603684425354 0.0 -0.0 0.0
-27.53614044189453 -25.157211303710938 0.034791603684425354 0.0 -0.0 0.0
-27.061481475830078 -25.149656295776367 0.034791603684425354 0.0 -0.0 0.0
14.866290092468262 -24.279006958007812 0.034791603684425354 0.0 -0.0 0.0
15.34097671508789 -24.271446228027344 0.034791603684425354 0.0 -0.0 0.0
-28.018383026123047 -24.690095901489258 0.034791603684425354 0.0 -0.0 0.0
-27.543701171875 -24.682533264160156 0.034791603684425354 0.0 -0.0 0.0
-27.069046020507812 -24.67497444152832 0.034791603684425354 0.0 -0.0 0.0
14.858733177185059 -23.80432891845703 0.034791603684425354 0.0 -0.0 0.0
15.333414077758789 -23.796768188476562 0.034791603684425354 0.0 -0.0 0.0
-28.025938034057617 -24.215415954589844 0.034791603684425354 0.0 -0.0 0.0
-27.551259994506836 -24.207849502563477 0.034791603684425354 0.0 -0.0 0.0
-27.076602935791016 -24.200292587280273 0.034791603684425354 0.0 -0.0 0.0
14.851168632507324 -23.32964324951172 0.034791603684425354 0.0 -0.0 0.0
15.32585334777832 -23.32208251953125 0.034791603684425354 0.0 -0.0 0.0
-27.558820724487305 -23.733169555664062 0.034791603684425354 0.0 -0.0 0.0
-27.08416748046875 -23.725610733032227 0.034791603684425354 0.0 -0.0 0.0
14.843611717224121 -22.854965209960938 0.034791603684425354 0.0 -0.0 0.0
15.318291664123535 -22.84740447998047 0.034791603684425354 0.0 -0.0 0.0
-27.566381454467773 -23.258487701416016 0.034791603684425354 0.0 -0.0 0.0
-27.09172821044922 -23.250930786132812 0.034791603684425354 0.0 -0.0 0.0
14.836050987243652 -22.38028335571289 0.034791603684425354 0.0 -0.0 0.0
15.310730934143066 -22.372722625732422 0.034791603684425354 0.0 -0.0 0.0
-27.573942184448242 -22.7838077545166 0.034791603684425354 0.0 -0.0 0.0
-27.099285125732422 -22.77625274658203 0.034791603684425354 0.0 -0.0 0.0
14.828490257263184 -21.905601501464844 0.034791603684425354 0.0 -0.0 0.0
15.303170204162598 -21.898040771484375 0.034791603684425354 0.0 -0.0 0.0
-27.58150291442871 -22.309127807617188 0.034791603684425354 0.0 -0.0 0.0
-27.10684585571289 -22.30156898498535 0.034791603684425354 0.0 -0.0 0.0
14.820927619934082 -21.430923461914062 0.034791603684425354 0.0 -0.0 0.0
15.295613288879395 -21.423358917236328 0.034791603684425354 0.0 -0.0 0.0
-27.589065551757812 -21.834444046020508 0.034791603684425354 0.0 -0.0 0.0
-27.11440658569336 -21.826885223388672 0.034791603684425354 0.0 -0.0 0.0
14.81336498260498 -20.956241607666016 0.034791603684425354 0.0 -0.0 0.0
15.288052558898926 -20.94867706298828 0.034791603684425354 0.0 -0.0 0.0
-27.59662437438965 -21.359764099121094 0.034791603684425354 0.0 -0.0 0.0
-27.121971130371094 -21.352205276489258 0.034791603684425354 0.0 -0.0 0.0
14.805804252624512 -20.48155975341797 0.034791603684425354 0.0 -0.0 0.0
15.280488014221191 -20.473995208740234 0.034791603684425354 0.0 -0.0 0.0
-27.60418701171875 -20.885086059570312 0.034791603684425354 0.0 -0.0 0.0
-27.129531860351562 -20.877527236938477 0.034791603684425354 0.0 -0.0 0.0
14.798249244689941 -20.006874084472656 0.034791603684425354 0.0 -0.0 0.0
15.272931098937988 -19.999313354492188 0.034791603684425354 0.0 -0.0 0.0
-27.611751556396484 -20.410396575927734 0.034791603684425354 0.0 -0.0 0.0
-27.13709259033203 -20.402843475341797 0.034791603684425354 0.0 -0.0 0.0
14.790684700012207 -19.532196044921875 0.034791603684425354 0.0 -0.0 0.0
15.265366554260254 -19.524635314941406 0.034791603684425354 0.0 -0.0 0.0
-27.619306564331055 -19.935768127441406 0.034791603684425354 0.0 -0.0 0.0
-27.144651412963867 -19.92820930480957 0.034791603684425354 0.0 -0.0 0.0
14.783127784729004 -19.05756378173828 0.034791603684425354 0.0 -0.0 0.0
15.257807731628418 -19.049999237060547 0.034791603684425354 0.0 -0.0 0.0
-27.626867294311523 -19.46108627319336 0.034791603684425354 0.0 -0.0 0.0
-27.152206420898438 -19.453527450561523 0.034791603684425354 0.0 -0.0 0.0
14.775567054748535 -18.58287811279297 0.034791603684425354 0.0 -0.0 0.0
15.25024700164795 -18.575321197509766 0.034791603684425354 0.0 -0.0 0.0
-27.634428024291992 -18.986400604248047 0.034791603684425354 0.0 -0.0 0.0
-27.159767150878906 -18.97884750366211 0.034791603684425354 0.0 -0.0 0.0
14.768006324768066 -18.108196258544922 0.034791603684425354 0.0 -0.0 0.0
15.24268627166748 -18.100631713867188 0.034791603684425354 0.0 -0.0 0.0
-27.64198875427246 -18.51171875 0.034791603684425354 0.0 -0.0 0.0
-27.167327880859375 -18.504165649414062 0.034791603684425354 0.0 -0.0 0.0
14.760443687438965 -17.63351821899414 0.034791603684425354 0.0 -0.0 0.0
15.235125541687012 -17.625957489013672 0.034791603684425354 0.0 -0.0 0.0
-27.649547576904297 -18.03704071044922 0.034791603684425354 0.0 -0.0 0.0
-27.174888610839844 -18.029481887817383 0.034791603684425354 0.0 -0.0 0.0
14.752884864807129 -17.158836364746094 0.034791603684425354 0.0 -0.0 0.0
15.227564811706543 -17.15127944946289 0.034791603684425354 0.0 -0.0 0.0
-27.6571102142334 -17.562362670898438 0.034791603684425354 0.0 -0.0 0.0
-27.18245506286621 -17.55480194091797 0.034791603684425354 0.0 -0.0 0.0
14.745322227478027 -16.68415069580078 0.034791603684425354 0.0 -0.0 0.0
15.220004081726074 -16.676589965820312 0.034791603684425354 0.0 -0.0 0.0
-27.664669036865234 -17.087677001953125 0.034791603684425354 0.0 -0.0 0.0
-27.19001007080078 -17.080120086669922 0.034791603684425354 0.0 -0.0 0.0
-26.715328216552734 -17.072559356689453 0.034791603684425354 0.0 -0.0 0.0
14.737761497497559 -16.20947265625 0.034791603684425354 0.0 -0.0 0.0
15.212443351745605 -16.20191192626953 0.034791603684425354 0.0 -0.0 0.0
-27.672231674194336 -16.612995147705078 0.034791603684425354 0.0 -0.0 0.0
-27.19757652282715 -16.605436325073242 0.034791603684425354 0.0 -0.0 0.0
-26.7228946685791 -16.597869873046875 0.034791603684425354 0.0 -0.0 0.0
14.730202674865723 -15.73479175567627 0.034791603684425354 0.0 -0.0 0.0
15.204882621765137 -15.7272310256958 0.034791603684425354 0.0 -0.0 0.0
-27.20513153076172 -16.130760192871094 0.034791603684425354 0.0 -0.0 0.0
-26.730453491210938 -16.123199462890625 0.034791603684425354 0.0 -0.0 0.0
14.722641944885254 -15.26010799407959 0.034791603684425354 0.0 -0.0 0.0
15.197321891784668 -15.252556800842285 0.034791603684425354 0.0 -0.0 0.0
-27.720651626586914 -15.80846881866455 0.034791603684425354 0.0 -0.0 0.0
-27.245969772338867 -15.80090618133545 0.034791603684425354 0.0 -0.0 0.0
14.715081214904785 -14.785429954528809 0.034791603684425354 0.0 -0.0 0.0
15.1897611618042 -14.777867317199707 0.034791603684425354 0.0 -0.0 0.0
-27.253536224365234 -15.326216697692871 0.034791603684425354 0.0 -0.0 0.0
14.707518577575684 -14.310751914978027 0.034791603684425354 0.0 -0.0 0.0
15.182196617126465 -14.303191184997559 0.034791603684425354 0.0 -0.0 0.0
-26.786413192749023 -14.843979835510254 0.034791603684425354 0.0 -0.0 0.0
-26.311729431152344 -14.83642292022705 0.034791603684425354 0.0 -0.0 0.0
-25.837053298950195 -14.828862190246582 0.034791603684425354 0.0 -0.0 0.0
-25.362369537353516 -14.821301460266113 0.034791603684425354 0.0 -0.0 0.0
-24.8876895904541 -14.813736915588379 0.034791603684425354 0.0 -0.0 0.0
-24.413005828857422 -14.806180000305176 0.034791603684425354 0.0 -0.0 0.0
-23.93832778930664 -14.798619270324707 0.034791603684425354 0.0 -0.0 0.0
-23.463645935058594 -14.791058540344238 0.034791603684425354 0.0 -0.0 0.0
-22.988964080810547 -14.783493995666504 0.034791603684425354 0.0 -0.0 0.0
-22.514305114746094 -14.775933265686035 0.034791603684425354 0.0 -0.0 0.0
-22.03962516784668 -14.768376350402832 0.034791603684425354 0.0 -0.0 0.0
-21.564943313598633 -14.76081371307373 0.034791603684425354 0.0 -0.0 0.0
-21.09026336669922 -14.753252983093262 0.034791603684425354 0.0 -0.0 0.0
-20.61557960510254 -14.745696067810059 0.034791603684425354 0.0 -0.0 0.0
-20.14090347290039 -14.738131523132324 0.034791603684425354 0.0 -0.0 0.0
-19.66621971130371 -14.730570793151855 0.034791603684425354 0.0 -0.0 0.0
-19.19153594970703 -14.723010063171387 0.034791603684425354 0.0 -0.0 0.0
-18.716856002807617 -14.715453147888184 0.034791603684425354 0.0 -0.0 0.0
-18.242176055908203 -14.70788860321045 0.034791603684425354 0.0 -0.0 0.0
-17.76751708984375 -14.70032787322998 0.034791603684425354 0.0 -0.0 0.0
-17.29283332824707 -14.692770957946777 0.034791603684425354 0.0 -0.0 0.0
-16.818153381347656 -14.685206413269043 0.034791603684425354 0.0 -0.0 0.0
-16.34347152709961 -14.67764949798584 0.034791603684425354 0.0 -0.0 0.0
-15.868790626525879 -14.670084953308105 0.034791603684425354 0.0 -0.0 0.0
-15.394110679626465 -14.662524223327637 0.034791603684425354 0.0 -0.0 0.0
-14.919428825378418 -14.654967308044434 0.034791603684425354 0.0 -0.0 0.0
-14.444746971130371 -14.6474027633667 0.034791603684425354 0.0 -0.0 0.0
-13.97006893157959 -14.639843940734863 0.034791603684425354 0.0 -0.0 0.0
-13.495386123657227 -14.63228702545166 0.034791603684425354 0.0 -0.0 0.0
-13.020705223083496 -14.624722480773926 0.034791603684425354 0.0 -0.0 0.0
-12.546046257019043 -14.617161750793457 0.034791603684425354 0.0 -0.0 0.0
-12.071364402770996 -14.609601020812988 0.034791603684425354 0.0 -0.0 0.0
-11.59668254852295 -14.602038383483887 0.034791603684425354 0.0 -0.0 0.0
-11.122001647949219 -14.59447956085205 0.034791603684425354 0.0 -0.0 0.0
-10.647322654724121 -14.586922645568848 0.034791603684425354 0.0 -0.0 0.0
-10.172640800476074 -14.579358100891113 0.034791603684425354 0.0 -0.0 0.0
-9.697957992553711 -14.521001815795898 0.034791603684425354 0.0 -0.0 0.0
14.699959754943848 -13.836073875427246 0.034791603684425354 0.0 -0.0 0.0
15.174639701843262 -13.828507423400879 0.034791603684425354 0.0 -0.0 0.0
-26.793973922729492 -14.369301795959473 0.034791603684425354 0.0 -0.0 0.0
-26.319292068481445 -14.361739158630371 0.034791603684425354 0.0 -0.0 0.0
-25.84461212158203 -14.354178428649902 0.034791603684425354 0.0 -0.0 0.0
-25.36993408203125 -14.346613883972168 0.034791603684425354 0.0 -0.0 0.0
-24.89525032043457 -14.339056968688965 0.034791603684425354 0.0 -0.0 0.0
-24.42056655883789 -14.331500053405762 0.034791603684425354 0.0 -0.0 0.0
-23.94588851928711 -14.32393741607666 0.034791603684425354 0.0 -0.0 0.0
-23.471206665039062 -14.316376686096191 0.034791603684425354 0.0 -0.0 0.0
-22.996524810791016 -14.308815956115723 0.034791603684425354 0.0 -0.0 0.0
-22.521865844726562 -14.301255226135254 0.034791603684425354 0.0 -0.0 0.0
-22.04718589782715 -14.293694496154785 0.034791603684425354 0.0 -0.0 0.0
-21.5725040435791 -14.28613567352295 0.034791603684425354 0.0 -0.0 0.0
-21.097824096679688 -14.27857494354248 0.034791603684425354 0.0 -0.0 0.0
-20.623140335083008 -14.271014213562012 0.034791603684425354 0.0 -0.0 0.0
-20.148462295532227 -14.263453483581543 0.034791603684425354 0.0 -0.0 0.0
-19.67378044128418 -14.255890846252441 0.034791603684425354 0.0 -0.0 0.0
-19.1990966796875 -14.248332023620605 0.034791603684425354 0.0 -0.0 0.0
-18.724414825439453 -14.240769386291504 0.034791603684425354 0.0 -0.0 0.0
-18.249732971191406 -14.233208656311035 0.034791603684425354 0.0 -0.0 0.0
-17.77507781982422 -14.225647926330566 0.034791603684425354 0.0 -0.0 0.0
-17.30039405822754 -14.218087196350098 0.034791603684425354 0.0 -0.0 0.0
-16.825714111328125 -14.210528373718262 0.034791603684425354 0.0 -0.0 0.0
-16.351032257080078 -14.202969551086426 0.034791603684425354 0.0 -0.0 0.0
-15.876351356506348 -14.195401191711426 0.034791603684425354 0.0 -0.0 0.0
-15.401673316955566 -14.187844276428223 0.034791603684425354 0.0 -0.0 0.0
-14.926987648010254 -14.180283546447754 0.034791603684425354 0.0 -0.0 0.0
-14.452306747436523 -14.172722816467285 0.034791603684425354 0.0 -0.0 0.0
-13.977627754211426 -14.165160179138184 0.034791603684425354 0.0 -0.0 0.0
-13.502946853637695 -14.15760326385498 0.034791603684425354 0.0 -0.0 0.0
-13.028265953063965 -14.150038719177246 0.034791603684425354 0.0 -0.0 0.0
-12.553606033325195 -14.142481803894043 0.034791603684425354 0.0 -0.0 0.0
-12.078924179077148 -14.134917259216309 0.034791603684425354 0.0 -0.0 0.0
-11.604242324829102 -14.127360343933105 0.034791603684425354 0.0 -0.0 0.0
-11.129561424255371 -14.11980152130127 0.034791603684425354 0.0 -0.0 0.0
-10.654881477355957 -14.112238883972168 0.034791603684425354 0.0 -0.0 0.0
-10.18019962310791 -14.104674339294434 0.034791603684425354 0.0 -0.0 0.0
-9.705517768859863 -14.097119331359863 0.034791603684425354 0.0 -0.0 0.0
14.692400932312012 -13.361382484436035 0.034791603684425354 0.0 -0.0 0.0
15.167078971862793 -13.353827476501465 0.034791603684425354 0.0 -0.0 0.0
-9.713080406188965 -13.62243366241455 0.034791603684425354 0.0 -0.0 0.0
14.684836387634277 -12.88670825958252 0.034791603684425354 0.0 -0.0 0.0
15.159516334533691 -12.87914752960205 0.034791603684425354 0.0 -0.0 0.0
-9.72064208984375 -13.09695816040039 0.034791603684425354 0.0 -0.0 0.0
14.677275657653809 -12.412028312683105 0.034791603684425354 0.0 -0.0 0.0
15.151957511901855 -12.404463768005371 0.034791603684425354 0.0 -0.0 0.0
-9.728202819824219 -12.673068046569824 0.034791603684425354 0.0 -0.0 0.0
14.669718742370605 -11.937344551086426 0.034791603684425354 0.0 -0.0 0.0
15.144396781921387 -11.929783821105957 0.034791603684425354 0.0 -0.0 0.0
-9.735763549804688 -12.198391914367676 0.034791603684425354 0.0 -0.0 0.0
14.662158012390137 -11.46265697479248 0.034791603684425354 0.0 -0.0 0.0
15.136834144592285 -11.455100059509277 0.034791603684425354 0.0 -0.0 0.0
-9.743324279785156 -11.723708152770996 0.034791603684425354 0.0 -0.0 0.0
14.6545991897583 -10.987977027893066 0.034791603684425354 0.0 -0.0 0.0
15.129277229309082 -10.980423927307129 0.034791603684425354 0.0 -0.0 0.0
-9.750885009765625 -11.249032020568848 0.034791603684425354 0.0 -0.0 0.0
14.6470365524292 -10.513306617736816 0.034791603684425354 0.0 -0.0 0.0
15.121712684631348 -10.505745887756348 0.034791603684425354 0.0 -0.0 0.0
-9.758445739746094 -10.723550796508789 0.034791603684425354 0.0 -0.0 0.0
14.63947582244873 -10.038617134094238 0.034791603684425354 0.0 -0.0 0.0
15.114155769348145 -10.031060218811035 0.034791603684425354 0.0 -0.0 0.0
-9.766005516052246 -10.248872756958008 0.034791603684425354 0.0 -0.0 0.0
14.631913185119629 -9.563942909240723 0.034791603684425354 0.0 -0.0 0.0
15.106593132019043 -9.556382179260254 0.034791603684425354 0.0 -0.0 0.0
-9.773566246032715 -9.824990272521973 0.034791603684425354 0.0 -0.0 0.0
14.071999549865723 -9.21624755859375 0.034791603684425354 0.0 -0.0 0.0
-9.78112506866455 -9.350354194641113 0.034791603684425354 0.0 -0.0 0.0
13.541872024536133 -8.79705810546875 0.034791603684425354 0.0 -0.0 0.0
14.016554832458496 -8.789501190185547 0.034791603684425354 0.0 -0.0 0.0
-9.78868579864502 -8.82487678527832 0.034791603684425354 0.0 -0.0 0.0
-8.784421920776367 -9.181400299072266 0.034791603684425354 0.0 -0.0 0.0
1.1838335990905762 -9.022624969482422 0.034791603684425354 0.0 -0.0 0.0
1.6585168838500977 -9.015064239501953 0.034791603684425354 0.0 -0.0 0.0
2.13319730758667 -9.007503509521484 0.034791603684425354 0.0 -0.0 0.0
4.506582260131836 -8.969707489013672 0.034791603684425354 0.0 -0.0 0.0
4.981264114379883 -8.962142944335938 0.034791603684425354 0.0 -0.0 0.0
4.926360607147217 -8.590494155883789 0.034791603684425354 0.0 -0.0 0.0
5.40104341506958 -8.582937240600586 0.034791603684425354 0.0 -0.0 0.0
12.206905364990234 -8.90903377532959 0.034791603684425354 0.0 -0.0 0.0
12.681583404541016 -8.901480674743652 0.034791603684425354 0.0 -0.0 0.0
13.619162559509277 -8.606595039367676 0.034791603684425354 0.0 -0.0 0.0
14.093850135803223 -8.599026679992676 0.034791603684425354 0.0 -0.0 0.0
14.568530082702637 -8.591465950012207 0.034791603684425354 0.0 -0.0 0.0
15.043208122253418 -8.583916664123535 0.034791603684425354 0.0 -0.0 0.0
15.517888069152832 -8.576355934143066 0.034791603684425354 0.0 -0.0 0.0
-8.791984558105469 -8.706722259521484 0.034791603684425354 0.0 -0.0 0.0
-8.317301750183105 -8.699161529541016 0.034791603684425354 0.0 -0.0 0.0
-7.842621803283691 -8.691604614257812 0.034791603684425354 0.0 -0.0 0.0
-7.367940425872803 -8.684040069580078 0.034791603684425354 0.0 -0.0 0.0
-6.893280506134033 -8.676483154296875 0.034791603684425354 0.0 -0.0 0.0
-6.4186015129089355 -8.668922424316406 0.034791603684425354 0.0 -0.0 0.0
-5.943918704986572 -8.661357879638672 0.034791603684425354 0.0 -0.0 0.0
-5.469237804412842 -8.653797149658203 0.034791603684425354 0.0 -0.0 0.0
-4.9945573806762695 -8.646240234375 0.034791603684425354 0.0 -0.0 0.0
-4.519876956939697 -8.638675689697266 0.034791603684425354 0.0 -0.0 0.0
-4.045195579528809 -8.631114959716797 0.034791603684425354 0.0 -0.0 0.0
-3.5705132484436035 -8.623558044433594 0.034791603684425354 0.0 -0.0 0.0
-3.095832347869873 -8.615997314453125 0.034791603684425354 0.0 -0.0 0.0
-2.6211516857147217 -8.608428955078125 0.034791603684425354 0.0 -0.0 0.0
-2.1464710235595703 -8.600872039794922 0.034791603684425354 0.0 -0.0 0.0
-1.6718108654022217 -8.593311309814453 0.034791603684425354 0.0 -0.0 0.0
-1.1971304416656494 -8.585750579833984 0.034791603684425354 0.0 -0.0 0.0
-0.7224497199058533 -8.578189849853516 0.034791603684425354 0.0 -0.0 0.0
-0.24776875972747803 -8.570629119873047 0.034791603684425354 0.0 -0.0 0.0
0.22691285610198975 -8.563068389892578 0.034791603684425354 0.0 -0.0 0.0
0.7015935182571411 -8.55550765991211 0.034791603684425354 0.0 -0.0 0.0
1.1762733459472656 -8.54794692993164 0.034791603684425354 0.0 -0.0 0.0
1.650956630706787 -8.540386199951172 0.034791603684425354 0.0 -0.0 0.0
2.1256370544433594 -8.532825469970703 0.034791603684425354 0.0 -0.0 0.0
2.6003170013427734 -8.525257110595703 0.034791603684425354 0.0 -0.0 0.0
3.074976921081543 -8.517707824707031 0.034791603684425354 0.0 -0.0 0.0
3.5496573448181152 -8.510147094726562 0.034791603684425354 0.0 -0.0 0.0
4.024340629577637 -8.502582550048828 0.034791603684425354 0.0 -0.0 0.0
4.499021530151367 -8.495025634765625 0.034791603684425354 0.0 -0.0 0.0
4.973702430725098 -8.487464904785156 0.034791603684425354 0.0 -0.0 0.0
11.724664688110352 -8.441916465759277 0.034791603684425354 0.0 -0.0 0.0
12.199346542358398 -8.434355735778809 0.034791603684425354 0.0 -0.0 0.0
-8.799546241760254 -8.232036590576172 0.034791603684425354 0.0 -0.0 0.0
-8.32486343383789 -8.224475860595703 0.034791603684425354 0.0 -0.0 0.0
-7.850183486938477 -8.216915130615234 0.034791603684425354 0.0 -0.0 0.0
-7.375502109527588 -8.209358215332031 0.034791603684425354 0.0 -0.0 0.0
-6.900842189788818 -8.201797485351562 0.034791603684425354 0.0 -0.0 0.0
-6.426163196563721 -8.194232940673828 0.034791603684425354 0.0 -0.0 0.0
-5.951480865478516 -8.18667221069336 0.034791603684425354 0.0 -0.0 0.0
-5.476799488067627 -8.179115295410156 0.034791603684425354 0.0 -0.0 0.0
-5.002119064331055 -8.171550750732422 0.034791603684425354 0.0 -0.0 0.0
-4.527438640594482 -8.163990020751953 0.034791603684425354 0.0 -0.0 0.0
-4.052757263183594 -8.156429290771484 0.034791603684425354 0.0 -0.0 0.0
-3.5780749320983887 -8.148868560791016 0.034791603684425354 0.0 -0.0 0.0
-3.1033921241760254 -8.141307830810547 0.034791603684425354 0.0 -0.0 0.0
-2.628711700439453 -8.13375473022461 0.034791603684425354 0.0 -0.0 0.0
-2.154031276702881 -8.12618637084961 0.034791603684425354 0.0 -0.0 0.0
-1.6793708801269531 -8.118633270263672 0.034791603684425354 0.0 -0.0 0.0
-1.2046902179718018 -8.111068725585938 0.034791603684425354 0.0 -0.0 0.0
-0.7300097346305847 -8.103507995605469 0.034791603684425354 0.0 -0.0 0.0
-0.2553287744522095 -8.095951080322266 0.034791603684425354 0.0 -0.0 0.0
0.2193528413772583 -8.088382720947266 0.034791603684425354 0.0 -0.0 0.0
0.6940339803695679 -8.080825805664062 0.034791603684425354 0.0 -0.0 0.0
1.168712854385376 -8.073265075683594 0.034791603684425354 0.0 -0.0 0.0
1.6433963775634766 -8.065704345703125 0.034791603684425354 0.0 -0.0 0.0
2.118076801300049 -8.058143615722656 0.034791603684425354 0.0 -0.0 0.0
2.5927557945251465 -8.050579071044922 0.034791603684425354 0.0 -0.0 0.0
3.067416191101074 -8.043025970458984 0.034791603684425354 0.0 -0.0 0.0
3.5420966148376465 -8.035469055175781 0.034791603684425354 0.0 -0.0 0.0
4.016778945922852 -8.027900695800781 0.034791603684425354 0.0 -0.0 0.0
4.49146032333374 -8.020343780517578 0.034791603684425354 0.0 -0.0 0.0
4.966141700744629 -8.01278305053711 0.034791603684425354 0.0 -0.0 0.0
11.717100143432617 -7.967229843139648 0.034791603684425354 0.0 -0.0 0.0
12.191783905029297 -7.959665298461914 0.034791603684425354 0.0 -0.0 0.0
11.821273803710938 -7.396779537200928 0.034791603684425354 0.0 -0.0 0.0
11.813713073730469 -6.922097682952881 0.034791603684425354 0.0 -0.0 0.0
11.80615234375 -6.4474196434021 0.034791603684425354 0.0 -0.0 0.0
-3.890974760055542 -5.498028755187988 0.034791603684425354 0.0 -0.0 0.0
-3.416292428970337 -5.490475654602051 0.034791603684425354 0.0 -0.0 0.0
11.798595428466797 -5.972733974456787 0.034791603684425354 0.0 -0.0 0.0
-3.898534059524536 -5.023354530334473 0.034791603684425354 0.0 -0.0 0.0
-3.423854112625122 -5.015789985656738 0.034791603684425354 0.0 -0.0 0.0
11.791032791137695 -5.4980597496032715 0.034791603684425354 0.0 -0.0 0.0
-3.906095266342163 -4.548672676086426 0.034791603684425354 0.0 -0.0 0.0
-3.4314138889312744 -4.541111946105957 0.034791603684425354 0.0 -0.0 0.0
11.783472061157227 -5.023374080657959 0.034791603684425354 0.0 -0.0 0.0
-3.91365647315979 -4.07399845123291 0.034791603684425354 0.0 -0.0 0.0
-3.438974142074585 -4.06643009185791 0.034791603684425354 0.0 -0.0 0.0
11.775911331176758 -4.548692226409912 0.034791603684425354 0.0 -0.0 0.0
-3.9212162494659424 -3.599308490753174 0.034791603684425354 0.0 -0.0 0.0
-3.446535348892212 -3.591747760772705 0.034791603684425354 0.0 -0.0 0.0
11.768352508544922 -4.074010372161865 0.034791603684425354 0.0 -0.0 0.0
-3.928776979446411 -3.124634265899658 0.034791603684425354 0.0 -0.0 0.0
-3.4540960788726807 -3.1170735359191895 0.034791603684425354 0.0 -0.0 0.0
11.760791778564453 -3.599332332611084 0.034791603684425354 0.0 -0.0 0.0
-3.93633770942688 -2.64994478225708 0.034791603684425354 0.0 -0.0 0.0
-3.4616568088531494 -2.6423840522766113 0.034791603684425354 0.0 -0.0 0.0
11.753231048583984 -3.1246542930603027 0.034791603684425354 0.0 -0.0 0.0
-3.9438984394073486 -2.175266742706299 0.034791603684425354 0.0 -0.0 0.0
-3.46921706199646 -2.16770601272583 0.034791603684425354 0.0 -0.0 0.0
-3.951458692550659 -1.700584888458252 0.034791603684425354 0.0 -0.0 0.0
-3.4767777919769287 -1.6930241584777832 0.034791603684425354 0.0 -0.0 0.0
5.650712490081787 -2.642317295074463 0.034791603684425354 0.0 -0.0 0.0
6.125393390655518 -2.634756565093994 0.034791603684425354 0.0 -0.0 0.0
6.600072383880615 -2.627199649810791 0.034791603684425354 0.0 -0.0 0.0
7.074756145477295 -2.6196351051330566 0.034791603684425354 0.0 -0.0 0.0
7.549436092376709 -2.612074375152588 0.034791603684425354 0.0 -0.0 0.0
8.024115562438965 -2.6045174598693848 0.034791603684425354 0.0 -0.0 0.0
8.498799324035645 -2.596956729888916 0.034791603684425354 0.0 -0.0 0.0
8.973478317260742 -2.5893959999084473 0.034791603684425354 0.0 -0.0 0.0
9.436506271362305 -2.561443567276001 0.034791603684425354 0.0 -0.0 0.0
9.911186218261719 -2.5538828372955322 0.034791603684425354 0.0 -0.0 0.0
10.385869026184082 -2.5463221073150635 0.034791603684425354 0.0 -0.0 0.0
10.860505104064941 -2.5387613773345947 0.034791603684425354 0.0 -0.0 0.0
11.335186958312988 -2.531200647354126 0.034791603684425354 0.0 -0.0 0.0
10.582298278808594 -2.650629758834839 0.034791603684425354 0.0 -0.0 0.0
11.056982040405273 -2.64306902885437 0.034791603684425354 0.0 -0.0 0.0
-3.9590203762054443 -1.2259068489074707 0.034791603684425354 0.0 -0.0 0.0
-3.4843385219573975 -1.2183423042297363 0.034791603684425354 0.0 -0.0 0.0
5.168467998504639 -2.1751999855041504 0.034791603684425354 0.0 -0.0 0.0
5.643151760101318 -2.1676392555236816 0.034791603684425354 0.0 -0.0 0.0
-3.966580629348755 -0.7512173652648926 0.034791603684425354 0.0 -0.0 0.0
-3.491899251937866 -0.7436604499816895 0.034791603684425354 0.0 -0.0 0.0
4.577794075012207 -2.7587192058563232 0.034791603684425354 0.0 -0.0 0.0
4.80423641204834 -2.6684112548828125 0.034791603684425354 0.0 -0.0 0.0
-3.9741408824920654 -0.2765469551086426 0.034791603684425354 0.0 -0.0 0.0
-3.499459981918335 -0.2689785957336426 0.034791603684425354 0.0 -0.0 0.0
4.570233345031738 -2.2840373516082764 0.034791603684425354 0.0 -0.0 0.0
-3.981701612472534 0.1981348991394043 0.034791603684425354 0.0 -0.0 0.0
-3.5070207118988037 0.2057032585144043 0.034791603684425354 0.0 -0.0 0.0
4.562673568725586 -1.8093593120574951 0.034791603684425354 0.0 -0.0 0.0
-3.989262342453003 0.6728205680847168 0.034791603684425354 0.0 -0.0 0.0
-3.5145814418792725 0.6803851127624512 0.034791603684425354 0.0 -0.0 0.0
2.8734941482543945 -2.4365031719207764 0.034791603684425354 0.0 -0.0 0.0
-3.9968221187591553 1.1474566459655762 0.034791603684425354 0.0 -0.0 0.0
-3.5221407413482666 1.155017375946045 0.034791603684425354 0.0 -0.0 0.0
2.865935802459717 -1.9618593454360962 0.034791603684425354 0.0 -0.0 0.0
-4.004383087158203 1.622138500213623 0.034791603684425354 0.0 -0.0 0.0
-3.5297024250030518 1.6296992301940918 0.034791603684425354 0.0 -0.0 0.0
2.85837459564209 -1.487181305885315 0.034791603684425354 0.0 -0.0 0.0
-4.0119428634643555 2.0968127250671387 0.034791603684425354 0.0 -0.0 0.0
-3.5372626781463623 2.104377269744873 0.034791603684425354 0.0 -0.0 0.0
2.8508129119873047 -1.012499451637268 0.034791603684425354 0.0 -0.0 0.0
-4.019505500793457 2.571498394012451 0.034791603684425354 0.0 -0.0 0.0
-3.544823408126831 2.5790553092956543 0.034791603684425354 0.0 -0.0 0.0
2.8432531356811523 -0.5378139019012451 0.034791603684425354 0.0 -0.0 0.0
-4.027066230773926 3.046180248260498 0.034791603684425354 0.0 -0.0 0.0
-3.5523841381073 3.053737163543701 0.034791603684425354 0.0 -0.0 0.0
2.835693359375 -0.06312823295593262 0.034791603684425354 0.0 -0.0 0.0
-4.0346269607543945 3.5208544731140137 0.034791603684425354 0.0 -0.0 0.0
-3.5599448680877686 3.5284228324890137 0.034791603684425354 0.0 -0.0 0.0
2.8281307220458984 0.411545991897583 0.034791603684425354 0.0 -0.0 0.0
-4.042187213897705 3.9955363273620605 0.034791603684425354 0.0 -0.0 0.0
-3.567505121231079 4.0031046867370605 0.034791603684425354 0.0 -0.0 0.0
2.820570468902588 0.8862278461456299 0.034791603684425354 0.0 -0.0 0.0
2.8318679332733154 1.1254769563674927 0.034791603684425354 0.0 -0.0 0.0
-4.049747943878174 4.470217704772949 0.034791603684425354 0.0 -0.0 0.0
-3.575065851211548 4.477782249450684 0.034791603684425354 0.0 -0.0 0.0
2.8243072032928467 1.6001509428024292 0.034791603684425354 0.0 -0.0 0.0
-4.057308673858643 4.944899559020996 0.034791603684425354 0.0 -0.0 0.0
-3.5826265811920166 4.9524641036987305 0.034791603684425354 0.0 -0.0 0.0
2.816746473312378 2.0748443603515625 0.034791603684425354 0.0 -0.0 0.0
-4.064869403839111 5.419585227966309 0.034791603684425354 0.0 -0.0 0.0
-3.5901873111724854 5.427145957946777 0.034791603684425354 0.0 -0.0 0.0
2.809185743331909 2.549518585205078 0.034791603684425354 0.0 -0.0 0.0
-4.072429656982422 5.894259452819824 0.034791603684425354 0.0 -0.0 0.0
-3.597748041152954 5.901827812194824 0.034791603684425354 0.0 -0.0 0.0
2.8016250133514404 3.024200439453125 0.034791603684425354 0.0 -0.0 0.0
-4.079990386962891 6.368941307067871 0.034791603684425354 0.0 -0.0 0.0
-3.605309247970581 6.37650203704834 0.034791603684425354 0.0 -0.0 0.0
2.7940642833709717 3.4988861083984375 0.034791603684425354 0.0 -0.0 0.0
-4.087551116943359 6.843623161315918 0.034791603684425354 0.0 -0.0 0.0
-3.6128690242767334 6.851187705993652 0.034791603684425354 0.0 -0.0 0.0
2.7865021228790283 3.9735679626464844 0.034791603684425354 0.0 -0.0 0.0
-4.095111846923828 7.318305015563965 0.034791603684425354 0.0 -0.0 0.0
-3.620429754257202 7.325869560241699 0.034791603684425354 0.0 -0.0 0.0
2.7789433002471924 4.448249816894531 0.034791603684425354 0.0 -0.0 0.0
-4.1026716232299805 7.792990684509277 0.034791603684425354 0.0 -0.0 0.0
-3.627990484237671 7.800555229187012 0.034791603684425354 0.0 -0.0 0.0
2.7713825702667236 4.922924041748047 0.034791603684425354 0.0 -0.0 0.0
-4.110231399536133 8.267664909362793 0.034791603684425354 0.0 -0.0 0.0
-3.635549306869507 8.275225639343262 0.034791603684425354 0.0 -0.0 0.0
2.763824224472046 5.397605895996094 0.034791603684425354 0.0 -0.0 0.0
-4.117792129516602 8.742358207702637 0.034791603684425354 0.0 -0.0 0.0
-3.6431095600128174 8.74991512298584 0.034791603684425354 0.0 -0.0 0.0
2.7562625408172607 5.872288227081299 0.034791603684425354 0.0 -0.0 0.0
-4.12535285949707 9.217040061950684 0.034791603684425354 0.0 -0.0 0.0
-3.650670289993286 9.224589347839355 0.034791603684425354 0.0 -0.0 0.0
2.748701810836792 6.3469624519348145 0.034791603684425354 0.0 -0.0 0.0
-4.132913589477539 9.691710472106934 0.034791603684425354 0.0 -0.0 0.0
-3.658231019973755 9.6992826461792 0.034791603684425354 0.0 -0.0 0.0
2.7411420345306396 6.821644306182861 0.034791603684425354 0.0 -0.0 0.0
-4.14047384262085 10.166396141052246 0.034791603684425354 0.0 -0.0 0.0
-3.6657917499542236 10.17395305633545 0.034791603684425354 0.0 -0.0 0.0
2.733581304550171 7.2963337898254395 0.034791603684425354 0.0 -0.0 0.0
-4.14803409576416 10.641077995300293 0.034791603684425354 0.0 -0.0 0.0
-3.6733524799346924 10.648642539978027 0.034791603684425354 0.0 -0.0 0.0
2.726020097732544 7.7710041999816895 0.034791603684425354 0.0 -0.0 0.0
-4.155595302581787 11.11575984954834 0.034791603684425354 0.0 -0.0 0.0
-3.680913209915161 11.123320579528809 0.034791603684425354 0.0 -0.0 0.0
2.718459367752075 8.245694160461426 0.034791603684425354 0.0 -0.0 0.0
-4.1631550788879395 11.590392112731934 0.034791603684425354 0.0 -0.0 0.0
-3.6884729862213135 11.597956657409668 0.034791603684425354 0.0 -0.0 0.0
2.7109005451202393 8.72032642364502 0.034791603684425354 0.0 -0.0 0.0
-4.17071533203125 12.065070152282715 0.034791603684425354 0.0 -0.0 0.0
-3.6960337162017822 12.072630882263184 0.034791603684425354 0.0 -0.0 0.0
2.703338384628296 9.195015907287598 0.034791603684425354 0.0 -0.0 0.0
-4.178276062011719 12.539748191833496 0.034791603684425354 0.0 -0.0 0.0
-3.703594446182251 12.54731273651123 0.034791603684425354 0.0 -0.0 0.0
2.6957790851593018 9.669682502746582 0.034791603684425354 0.0 -0.0 0.0
-4.185836315155029 13.014433860778809 0.034791603684425354 0.0 -0.0 0.0
-3.7111546993255615 13.021994590759277 0.034791603684425354 0.0 -0.0 0.0
2.7875142097473145 10.342964172363281 0.034791603684425354 0.0 -0.0 0.0
-4.1933979988098145 13.489130973815918 0.034791603684425354 0.0 -0.0 0.0
-3.7187154293060303 13.49668025970459 0.034791603684425354 0.0 -0.0 0.0
2.7799506187438965 10.817646026611328 0.034791603684425354 0.0 -0.0 0.0
-4.200958251953125 13.963805198669434 0.034791603684425354 0.0 -0.0 0.0
-3.7262775897979736 13.971365928649902 0.034791603684425354 0.0 -0.0 0.0
2.6287002563476562 11.450262069702148 0.034791603684425354 0.0 -0.0 0.0
3.1199288368225098 11.921207427978516 0.034791603684425354 0.0 -0.0 0.0
-3.259157419204712 14.453604698181152 0.034791603684425354 0.0 -0.0 0.0
3.1010732650756836 14.010173797607422 0.034791603684425354 0.0 -0.0 0.0
-3.2667181491851807 14.928290367126465 0.034791603684425354 0.0 -0.0 0.0
3.093508720397949 14.484848022460938 0.034791603684425354 0.0 -0.0 0.0
-3.274278402328491 15.402960777282715 0.034791603684425354 0.0 -0.0 0.0
3.085948944091797 14.959541320800781 0.034791603684425354 0.0 -0.0 0.0
-3.2818405628204346 15.877650260925293 0.034791603684425354 0.0 -0.0 0.0
3.0783872604370117 15.434215545654297 0.034791603684425354 0.0 -0.0 0.0
-3.2894012928009033 16.352333068847656 0.034791603684425354 0.0 -0.0 0.0
-2.8147194385528564 16.359893798828125 0.034791603684425354 0.0 -0.0 0.0
0.735783576965332 16.0323543548584 0.034791603684425354 0.0 -0.0 0.0
1.210463523864746 16.03990364074707 0.034791603684425354 0.0 -0.0 0.0
0.6974450349807739 15.871097564697266 0.034791603684425354 0.0 -0.0 0.0
1.1721078157424927 15.878658294677734 0.034791603684425354 0.0 -0.0 0.0
1.6467868089675903 15.886215209960938 0.034791603684425354 0.0 -0.0 0.0
2.1214656829833984 15.893779754638672 0.034791603684425354 0.0 -0.0 0.0
2.59614896774292 15.901348114013672 0.034791603684425354 0.0 -0.0 0.0
-2.59454345703125 16.4541072845459 0.034791603684425354 0.0 -0.0 0.0
-2.119863986968994 16.461668014526367 0.034791603684425354 0.0 -0.0 0.0
-1.6451847553253174 16.4692325592041 0.034791603684425354 0.0 -0.0 0.0
-1.1704990863800049 16.47679328918457 0.034791603684425354 0.0 -0.0 0.0
-0.6958197951316833 16.48435401916504 0.034791603684425354 0.0 -0.0 0.0
-0.2211403250694275 16.491910934448242 0.034791603684425354 0.0 -0.0 0.0
0.2535403072834015 16.499475479125977 0.034791603684425354 0.0 -0.0 0.0
0.7282233238220215 16.507036209106445 0.034791603684425354 0.0 -0.0 0.0
1.2029027938842773 16.51459312438965 0.034791603684425354 0.0 -0.0 0.0
0.6898843050003052 16.345779418945312 0.034791603684425354 0.0 -0.0 0.0
1.164547085762024 16.35334014892578 0.034791603684425354 0.0 -0.0 0.0
1.6392260789871216 16.360897064208984 0.034791603684425354 0.0 -0.0 0.0
3.2044830322265625 -2.6847445964813232 0.034791603684425354 0.0 -0.0 0.0
3.1969246864318848 -2.2101006507873535 0.034791603684425354 0.0 -0.0 0.0
3.189363479614258 -1.7354227304458618 0.034791603684425354 0.0 -0.0 0.0
3.1818017959594727 -1.260740876197815 0.034791603684425354 0.0 -0.0 0.0
3.1742420196533203 -0.786055326461792 0.034791603684425354 0.0 -0.0 0.0
3.166682243347168 -0.3113696575164795 0.034791603684425354 0.0 -0.0 0.0
3.1591196060180664 0.16330456733703613 0.034791603684425354 0.0 -0.0 0.0
3.151559352874756 0.637986421585083 0.034791603684425354 0.0 -0.0 0.0
3.1628568172454834 0.8772355318069458 0.034791603684425354 0.0 -0.0 0.0
3.1552960872650146 1.3519095182418823 0.034791603684425354 0.0 -0.0 0.0
3.147735357284546 1.8266029357910156 0.034791603684425354 0.0 -0.0 0.0
3.140174627304077 2.3012771606445312 0.034791603684425354 0.0 -0.0 0.0
3.1326138973236084 2.775959014892578 0.034791603684425354 0.0 -0.0 0.0
3.1250531673431396 3.2506446838378906 0.034791603684425354 0.0 -0.0 0.0
3.1174910068511963 3.7253265380859375 0.034791603684425354 0.0 -0.0 0.0
3.1099321842193604 4.200008392333984 0.034791603684425354 0.0 -0.0 0.0
3.1023714542388916 4.6746826171875 0.034791603684425354 0.0 -0.0 0.0
3.094813108444214 5.149364471435547 0.034791603684425354 0.0 -0.0 0.0
3.0872514247894287 5.624046802520752 0.034791603684425354 0.0 -0.0 0.0
3.07969069480896 6.098721027374268 0.034791603684425354 0.0 -0.0 0.0
3.0721309185028076 6.5734028816223145 0.034791603684425354 0.0 -0.0 0.0
3.064570188522339 7.048092365264893 0.034791603684425354 0.0 -0.0 0.0
3.057008981704712 7.522762775421143 0.034791603684425354 0.0 -0.0 0.0
3.049448251724243 7.997452735900879 0.034791603684425354 0.0 -0.0 0.0
3.0418894290924072 8.472084999084473 0.034791603684425354 0.0 -0.0 0.0
3.034327268600464 8.94677448272705 0.034791603684425354 0.0 -0.0 0.0
3.0267679691314697 9.421441078186035 0.034791603684425354 0.0 -0.0 0.0
3.1185030937194824 10.094722747802734 0.034791603684425354 0.0 -0.0 0.0
3.1109395027160645 10.569404602050781 0.034791603684425354 0.0 -0.0 0.0
2.959689140319824 11.202020645141602 0.034791603684425354 0.0 -0.0 0.0
4.026145935058594 -2.7587192058563232 0.034791603684425354 0.0 -0.0 0.0
4.018585205078125 -2.2840373516082764 0.034791603684425354 0.0 -0.0 0.0
4.011025428771973 -1.8093593120574951 0.034791603684425354 0.0 -0.0 0.0
-3.4493913650512695 -7.145420074462891 0.034791603684425354 0.0 -0.0 0.0
-3.9316329956054688 -6.6782989501953125 0.034791603684425354 0.0 -0.0 0.0
-3.4569530487060547 -6.670734405517578 0.034791603684425354 0.0 -0.0 0.0
-3.9391942024230957 -6.203617095947266 0.034791603684425354 0.0 -0.0 0.0
-3.464512825012207 -6.196056365966797 0.034791603684425354 0.0 -0.0 0.0
-3.9467554092407227 -5.72894287109375 0.034791603684425354 0.0 -0.0 0.0
-3.4720730781555176 -5.72137451171875 0.034791603684425354 0.0 -0.0 0.0
6.864863395690918 -2.3293097019195557 0.034791603684425354 0.0 -0.0 0.0
7.339547157287598 -2.3217451572418213 0.034791603684425354 0.0 -0.0 0.0
7.814227104187012 -2.3141844272613525 0.034791603684425354 0.0 -0.0 0.0
8.288907051086426 -2.3066275119781494 0.034791603684425354 0.0 -0.0 0.0
8.763590812683105 -2.2990667819976807 0.034791603684425354 0.0 -0.0 0.0
9.238269805908203 -2.291506052017212 0.034791603684425354 0.0 -0.0 0.0
9.701297760009766 -2.2635536193847656 0.034791603684425354 0.0 -0.0 0.0
10.17597770690918 -2.255992889404297 0.034791603684425354 0.0 -0.0 0.0
10.650660514831543 -2.248432159423828 0.034791603684425354 0.0 -0.0 0.0
11.125296592712402 -2.2408714294433594 0.034791603684425354 0.0 -0.0 0.0
11.59997844696045 -2.2333106994628906 0.034791603684425354 0.0 -0.0 0.0
10.847089767456055 -2.3527398109436035 0.034791603684425354 0.0 -0.0 0.0
11.321773529052734 -2.3451790809631348 0.034791603684425354 0.0 -0.0 0.0
12.147385597229004 -7.536944389343262 0.034791603684425354 0.0 -0.0 0.0
12.622069358825684 -7.529379844665527 0.034791603684425354 0.0 -0.0 0.0
12.251559257507324 -6.966494083404541 0.034791603684425354 0.0 -0.0 0.0
12.243998527526855 -6.491812229156494 0.034791603684425354 0.0 -0.0 0.0
12.236437797546387 -6.017134189605713 0.034791603684425354 0.0 -0.0 0.0
12.228880882263184 -5.5424485206604 0.034791603684425354 0.0 -0.0 0.0
12.221318244934082 -5.067774295806885 0.034791603684425354 0.0 -0.0 0.0
12.213757514953613 -4.593088626861572 0.034791603684425354 0.0 -0.0 0.0
12.206196784973145 -4.118406772613525 0.034791603684425354 0.0 -0.0 0.0
12.198637962341309 -3.6437249183654785 0.034791603684425354 0.0 -0.0 0.0
12.19107723236084 -3.1690468788146973 0.034791603684425354 0.0 -0.0 0.0
12.183516502380371 -2.694368839263916 0.034791603684425354 0.0 -0.0 0.0
14.170750617980957 -8.201277732849121 0.034791603684425354 0.0 -0.0 0.0
14.64543342590332 -8.193720817565918 0.034791603684425354 0.0 -0.0 0.0
12.835783958435059 -8.313253402709961 0.034791603684425354 0.0 -0.0 0.0
13.31046199798584 -8.305700302124023 0.034791603684425354 0.0 -0.0 0.0
14.248041152954102 -8.010814666748047 0.034791603684425354 0.0 -0.0 0.0
14.722728729248047 -8.003246307373047 0.034791603684425354 0.0 -0.0 0.0
15.197408676147461 -7.995686054229736 0.034791603684425354 0.0 -0.0 0.0
15.672086715698242 -7.9881367683410645 0.034791603684425354 0.0 -0.0 0.0
12.828225135803223 -7.838575839996338 0.034791603684425354 0.0 -0.0 0.0
2.8915205001831055 11.60683822631836 0.034791603684425354 0.0 -0.0 0.0
2.8839588165283203 12.081520080566406 0.034791603684425354 0.0 -0.0 0.0
2.8763980865478516 12.556194305419922 0.034791603684425354 0.0 -0.0 0.0
2.868838310241699 13.030876159667969 0.034791603684425354 0.0 -0.0 0.0
2.8612775802612305 13.505565643310547 0.034791603684425354 0.0 -0.0 0.0
2.8537163734436035 13.980236053466797 0.034791603684425354 0.0 -0.0 0.0
2.8461556434631348 14.454925537109375 0.034791603684425354 0.0 -0.0 0.0
2.838596820831299 14.929557800292969 0.034791603684425354 0.0 -0.0 0.0
2.8310346603393555 15.404247283935547 0.034791603684425354 0.0 -0.0 0.0
2.8234753608703613 15.878913879394531 0.034791603684425354 0.0 -0.0 0.0
2.915210485458374 16.552196502685547 0.034791603684425354 0.0 -0.0 0.0
2.907646894454956 17.026878356933594 0.034791603684425354 0.0 -0.0 0.0
2.756396532058716 17.659494400024414 0.034791603684425354 0.0 -0.0 0.0
3.2476251125335693 18.13043975830078 0.034791603684425354 0.0 -0.0 0.0
3.2225093841552734 11.358596801757812 0.034791603684425354 0.0 -0.0 0.0
3.2149477005004883 11.83327865600586 0.034791603684425354 0.0 -0.0 0.0
3.2073869705200195 12.307952880859375 0.034791603684425354 0.0 -0.0 0.0
3.199827194213867 12.782634735107422 0.034791603684425354 0.0 -0.0 0.0
3.1922664642333984 13.25732421875 0.034791603684425354 0.0 -0.0 0.0
3.1847052574157715 13.73199462890625 0.034791603684425354 0.0 -0.0 0.0
3.1771445274353027 14.206684112548828 0.034791603684425354 0.0 -0.0 0.0
3.169585704803467 14.681316375732422 0.034791603684425354 0.0 -0.0 0.0
3.1620235443115234 15.156005859375 0.034791603684425354 0.0 -0.0 0.0
3.1544642448425293 15.630672454833984 0.034791603684425354 0.0 -0.0 0.0
3.246199369430542 16.303955078125 0.034791603684425354 0.0 -0.0 0.0
3.238635778427124 16.778636932373047 0.034791603684425354 0.0 -0.0 0.0
3.087385416030884 17.411252975463867 0.034791603684425354 0.0 -0.0 0.0
2.597618341445923 17.085895538330078 0.034791603684425354 0.0 -0.0 0.0
2.1231541633605957 17.069629669189453 0.034791603684425354 0.0 -0.0 0.0
1.648698329925537 17.05336570739746 0.034791603684425354 0.0 -0.0 0.0
1.1742348670959473 17.03710174560547 0.034791603684425354 0.0 -0.0 0.0
0.69976407289505 17.020835876464844 0.034791603684425354 0.0 -0.0 0.0
0.22531205415725708 17.00457191467285 0.034791603684425354 0.0 -0.0 0.0
-0.2491588592529297 16.988306045532227 0.034791603684425354 0.0 -0.0 0.0
-0.7235726714134216 16.972043991088867 0.034791603684425354 0.0 -0.0 0.0
-1.1980435848236084 16.955778121948242 0.034791603684425354 0.0 -0.0 0.0
-1.6724917888641357 16.93951416015625 0.034791603684425354 0.0 -0.0 0.0
-2.3473434448242188 17.01888656616211 0.034791603684425354 0.0 -0.0 0.0
-2.8218066692352295 17.00261878967285 0.034791603684425354 0.0 -0.0 0.0
-3.451542377471924 16.839792251586914 0.034791603684425354 0.0 -0.0 0.0
-3.931417465209961 17.322301864624023 0.034791603684425354 0.0 -0.0 0.0
2.839747905731201 17.4213809967041 0.034791603684425354 0.0 -0.0 0.0
2.3652846813201904 17.405115127563477 0.034791603684425354 0.0 -0.0 0.0
1.8908278942108154 17.388851165771484 0.034791603684425354 0.0 -0.0 0.0
1.4163646697998047 17.372587203979492 0.034791603684425354 0.0 -0.0 0.0
0.9418936371803284 17.356321334838867 0.034791603684425354 0.0 -0.0 0.0
0.4674416184425354 17.340057373046875 0.034791603684425354 0.0 -0.0 0.0
-0.007029294967651367 17.32379150390625 0.034791603684425354 0.0 -0.0 0.0
-0.4814431071281433 17.30752944946289 0.034791603684425354 0.0 -0.0 0.0
-0.9559140801429749 17.291263580322266 0.034791603684425354 0.0 -0.0 0.0
-1.4303622245788574 17.275001525878906 0.034791603684425354 0.0 -0.0 0.0
-2.1052138805389404 17.354373931884766 0.034791603684425354 0.0 -0.0 0.0
-2.579677104949951 17.338106155395508 0.034791603684425354 0.0 -0.0 0.0
-3.2094130516052246 17.17527961730957 0.034791603684425354 0.0 -0.0 0.0
-4.7613959312438965 10.880536079406738 0.034791603684425354 0.0 -0.0 0.0
-4.757595539093018 11.355263710021973 0.034791603684425354 0.0 -0.0 0.0
-4.753793716430664 11.82998275756836 0.034791603684425354 0.0 -0.0 0.0
-4.7499918937683105 12.304710388183594 0.034791603684425354 0.0 -0.0 0.0
-4.746191501617432 12.779443740844727 0.034791603684425354 0.0 -0.0 0.0
-4.742389678955078 13.254159927368164 0.034791603684425354 0.0 -0.0 0.0
-4.738589286804199 13.728894233703613 0.034791603684425354 0.0 -0.0 0.0
-4.734787464141846 14.203571319580078 0.034791603684425354 0.0 -0.0 0.0
-4.730987071990967 14.678305625915527 0.034791603684425354 0.0 -0.0 0.0
-4.7271857261657715 15.1530179977417 0.034791603684425354 0.0 -0.0 0.0
-4.619364261627197 15.823912620544434 0.034791603684425354 0.0 -0.0 0.0
-4.615565776824951 16.29863929748535 0.034791603684425354 0.0 -0.0 0.0
-4.751633644104004 16.934694290161133 0.034791603684425354 0.0 -0.0 0.0
-4.249274730682373 17.393749237060547 0.034791603684425354 0.0 -0.0 0.0
-4.436442852020264 10.624444961547852 0.034791603684425354 0.0 -0.0 0.0
-4.432642459869385 11.09917163848877 0.034791603684425354 0.0 -0.0 0.0
-4.4288411140441895 11.573891639709473 0.034791603684425354 0.0 -0.0 0.0
-4.425038814544678 12.04861831665039 0.034791603684425354 0.0 -0.0 0.0
-4.421238422393799 12.52335262298584 0.034791603684425354 0.0 -0.0 0.0
-4.4174370765686035 12.998068809509277 0.034791603684425354 0.0 -0.0 0.0
-4.413636207580566 13.472803115844727 0.034791603684425354 0.0 -0.0 0.0
-4.409834384918213 13.947480201721191 0.034791603684425354 0.0 -0.0 0.0
-4.406033992767334 14.42221450805664 0.034791603684425354 0.0 -0.0 0.0
-4.402230739593506 14.896925926208496 0.034791603684425354 0.0 -0.0 0.0
-4.294409275054932 15.56782054901123 0.034791603684425354 0.0 -0.0 0.0
-4.2906107902526855 16.04254913330078 0.034791603684425354 0.0 -0.0 0.0
-4.426678657531738 16.678604125976562 0.034791603684425354 0.0 -0.0 0.0
-8.667150497436523 -7.669355392456055 0.034791603684425354 0.0 -0.0 0.0
-8.19246768951416 -7.661794662475586 0.034791603684425354 0.0 -0.0 0.0
-7.717787742614746 -7.654233932495117 0.034791603684425354 0.0 -0.0 0.0
-7.243106365203857 -7.646677017211914 0.034791603684425354 0.0 -0.0 0.0
-6.768446445465088 -7.639116287231445 0.034791603684425354 0.0 -0.0 0.0
-6.29376745223999 -7.631551742553711 0.034791603684425354 0.0 -0.0 0.0
-5.819085121154785 -7.623991012573242 0.034791603684425354 0.0 -0.0 0.0
-5.3444037437438965 -7.616434097290039 0.034791603684425354 0.0 -0.0 0.0
-4.869723320007324 -7.608869552612305 0.034791603684425354 0.0 -0.0 0.0
-4.395042896270752 -7.601308822631836 0.034791603684425354 0.0 -0.0 0.0
-3.9203617572784424 -7.593748092651367 0.034791603684425354 0.0 -0.0 0.0
-3.4456794261932373 -7.586187362670898 0.034791603684425354 0.0 -0.0 0.0
-2.970996618270874 -7.57862663269043 0.034791603684425354 0.0 -0.0 0.0
-2.4963161945343018 -7.571073532104492 0.034791603684425354 0.0 -0.0 0.0
-2.0216357707977295 -7.563505172729492 0.034791603684425354 0.0 -0.0 0.0
-1.5469753742218018 -7.555952072143555 0.034791603684425354 0.0 -0.0 0.0
-1.0722947120666504 -7.54838752746582 0.034791603684425354 0.0 -0.0 0.0
-0.5976142287254333 -7.540826797485352 0.034791603684425354 0.0 -0.0 0.0
-0.12293325364589691 -7.533269882202148 0.034791603684425354 0.0 -0.0 0.0
0.35174834728240967 -7.525701522827148 0.034791603684425354 0.0 -0.0 0.0
0.8264294862747192 -7.518144607543945 0.034791603684425354 0.0 -0.0 0.0
1.3011083602905273 -7.510583877563477 0.034791603684425354 0.0 -0.0 0.0
1.775791883468628 -7.503023147583008 0.034791603684425354 0.0 -0.0 0.0
2.2504723072052 -7.495462417602539 0.034791603684425354 0.0 -0.0 0.0
2.725151300430298 -7.487897872924805 0.034791603684425354 0.0 -0.0 0.0
3.1998116970062256 -7.480344772338867 0.034791603684425354 0.0 -0.0 0.0
3.674492120742798 -7.472787857055664 0.034791603684425354 0.0 -0.0 0.0
4.149174690246582 -7.465219497680664 0.034791603684425354 0.0 -0.0 0.0
4.623856067657471 -7.457662582397461 0.034791603684425354 0.0 -0.0 0.0
5.098537445068359 -7.450101852416992 0.034791603684425354 0.0 -0.0 0.0
-10.209563255310059 -13.589334487915039 0.034791603684425354 0.0 -0.0 0.0
-10.217124938964844 -13.063858985900879 0.034791603684425354 0.0 -0.0 0.0
-10.224685668945312 -12.639968872070312 0.034791603684425354 0.0 -0.0 0.0
-10.232246398925781 -12.165292739868164 0.034791603684425354 0.0 -0.0 0.0
-10.23980712890625 -11.690608978271484 0.034791603684425354 0.0 -0.0 0.0
-10.247367858886719 -11.215932846069336 0.034791603684425354 0.0 -0.0 0.0
-10.254928588867188 -10.690451622009277 0.034791603684425354 0.0 -0.0 0.0
-10.26248836517334 -10.215773582458496 0.034791603684425354 0.0 -0.0 0.0
-10.270049095153809 -9.791891098022461 0.034791603684425354 0.0 -0.0 0.0
-10.277607917785645 -9.317255020141602 0.034791603684425354 0.0 -0.0 0.0
-10.285168647766113 -8.791777610778809 0.034791603684425354 0.0 -0.0 0.0
-10.858322143554688 -12.800750732421875 0.034791603684425354 0.0 -0.0 0.0
-10.880729675292969 -12.275699615478516 0.034791603684425354 0.0 -0.0 0.0
-10.90026569366455 -11.852191925048828 0.034791603684425354 0.0 -0.0 0.0
-10.921236991882324 -11.377920150756836 0.034791603684425354 0.0 -0.0 0.0
-10.942208290100098 -10.903639793395996 0.034791603684425354 0.0 -0.0 0.0
-10.963180541992188 -10.429366111755371 0.034791603684425354 0.0 -0.0 0.0
-10.353267669677734 -9.504051208496094 0.034791603684425354 0.0 -0.0 0.0
-10.17138957977295 -9.065534591674805 0.034791603684425354 0.0 -0.0 0.0
-10.00971794128418 -8.673622131347656 0.034791603684425354 0.0 -0.0 0.0
-9.827855110168457 -8.235143661499023 0.034791603684425354 0.0 -0.0 0.0
-9.625771522521973 -7.750019550323486 0.034791603684425354 0.0 -0.0 0.0
-28.82439613342285 -16.392410278320312 0.034791603684425354 0.0 -0.0 0.0
-28.503721237182617 -16.042339324951172 0.034791603684425354 0.0 -0.0 0.0
-28.183053970336914 -15.692273139953613 0.034791603684425354 0.0 -0.0 0.0
-27.862382888793945 -15.342199325561523 0.034791603684425354 0.0 -0.0 0.0
-27.541715621948242 -14.99212646484375 0.034791603684425354 0.0 -0.0 0.0
-27.221040725708008 -14.64205551147461 0.034791603684425354 0.0 -0.0 0.0
-26.900373458862305 -14.291986465454102 0.034791603684425354 0.0 -0.0 0.0
-26.579702377319336 -13.941914558410645 0.034791603684425354 0.0 -0.0 0.0
-26.259035110473633 -13.591839790344238 0.034791603684425354 0.0 -0.0 0.0
-29.17446517944336 -16.07174301147461 0.034791603684425354 0.0 -0.0 0.0
-28.853796005249023 -15.72166919708252 0.034791603684425354 0.0 -0.0 0.0
-28.533126831054688 -15.371599197387695 0.034791603684425354 0.0 -0.0 0.0
-28.212461471557617 -15.021527290344238 0.034791603684425354 0.0 -0.0 0.0
-27.891786575317383 -14.671457290649414 0.034791603684425354 0.0 -0.0 0.0
-27.57111167907715 -14.321386337280273 0.034791603684425354 0.0 -0.0 0.0
-27.250444412231445 -13.97131633758545 0.034791603684425354 0.0 -0.0 0.0
-26.929773330688477 -13.621243476867676 0.034791603684425354 0.0 -0.0 0.0
-26.60910415649414 -13.271172523498535 0.034791603684425354 0.0 -0.0 0.0
15.92279052734375 -34.405460357666016 0.034791603684425354 0.0 -0.0 0.0
16.397476196289062 -34.39789962768555 0.034791603684425354 0.0 -0.0 0.0
15.915231704711914 -33.930782318115234 0.034791603684425354 0.0 -0.0 0.0
16.38991355895996 -33.923221588134766 0.034791603684425354 0.0 -0.0 0.0
16.024885177612305 -33.44853591918945 0.034791603684425354 0.0 -0.0 0.0
16.01732635498047 -32.97385787963867 0.034791603684425354 0.0 -0.0 0.0
16.009761810302734 -32.49917221069336 0.034791603684425354 0.0 -0.0 0.0
16.0022029876709 -32.02449417114258 0.034791603684425354 0.0 -0.0 0.0
15.99464225769043 -31.549816131591797 0.034791603684425354 0.0 -0.0 0.0
15.987085342407227 -31.075132369995117 0.034791603684425354 0.0 -0.0 0.0
15.979524612426758 -30.60045051574707 0.034791603684425354 0.0 -0.0 0.0
15.971961975097656 -30.125768661499023 0.034791603684425354 0.0 -0.0 0.0
15.964399337768555 -29.651090621948242 0.034791603684425354 0.0 -0.0 0.0
15.956842422485352 -29.176408767700195 0.034791603684425354 0.0 -0.0 0.0
15.83206558227539 -28.709291458129883 0.034791603684425354 0.0 -0.0 0.0
16.30674934387207 -28.70172691345215 0.034791603684425354 0.0 -0.0 0.0
15.824502944946289 -28.23460578918457 0.034791603684425354 0.0 -0.0 0.0
15.816944122314453 -27.75996971130371 0.034791603684425354 0.0 -0.0 0.0
15.809383392333984 -27.285287857055664 0.034791603684425354 0.0 -0.0 0.0
15.801820755004883 -26.810609817504883 0.034791603684425354 0.0 -0.0 0.0
15.794261932373047 -26.335927963256836 0.034791603684425354 0.0 -0.0 0.0
15.786701202392578 -25.861249923706055 0.034791603684425354 0.0 -0.0 0.0
15.77914047241211 -25.386564254760742 0.034791603684425354 0.0 -0.0 0.0
15.771581649780273 -24.911882400512695 0.034791603684425354 0.0 -0.0 0.0
15.764020919799805 -24.437204360961914 0.034791603684425354 0.0 -0.0 0.0
15.756462097167969 -23.962522506713867 0.034791603684425354 0.0 -0.0 0.0
15.7489013671875 -23.48784065246582 0.034791603684425354 0.0 -0.0 0.0
15.741340637207031 -23.013158798217773 0.034791603684425354 0.0 -0.0 0.0
15.73377799987793 -22.538480758666992 0.034791603684425354 0.0 -0.0 0.0
15.726217269897461 -22.06379508972168 0.034791603684425354 0.0 -0.0 0.0
15.718655586242676 -21.5891170501709 0.034791603684425354 0.0 -0.0 0.0
15.711094856262207 -21.11443519592285 0.034791603684425354 0.0 -0.0 0.0
15.703534126281738 -20.639753341674805 0.034791603684425354 0.0 -0.0 0.0
15.695977210998535 -20.165071487426758 0.034791603684425354 0.0 -0.0 0.0
15.688416481018066 -19.69038963317871 0.034791603684425354 0.0 -0.0 0.0
15.680851936340332 -19.215707778930664 0.034791603684425354 0.0 -0.0 0.0
15.673295021057129 -18.741025924682617 0.034791603684425354 0.0 -0.0 0.0
15.665730476379395 -18.266347885131836 0.034791603684425354 0.0 -0.0 0.0
15.658171653747559 -17.791711807250977 0.034791603684425354 0.0 -0.0 0.0
15.65061092376709 -17.317033767700195 0.034791603684425354 0.0 -0.0 0.0
15.643050193786621 -16.842344284057617 0.034791603684425354 0.0 -0.0 0.0
15.635489463806152 -16.3676700592041 0.034791603684425354 0.0 -0.0 0.0
15.627928733825684 -15.89299201965332 0.034791603684425354 0.0 -0.0 0.0
15.620368003845215 -15.418302536010742 0.034791603684425354 0.0 -0.0 0.0
15.612807273864746 -14.943624496459961 0.034791603684425354 0.0 -0.0 0.0
15.605246543884277 -14.46894359588623 0.034791603684425354 0.0 -0.0 0.0
15.597685813903809 -13.994269371032715 0.034791603684425354 0.0 -0.0 0.0
15.59012508392334 -13.519579887390137 0.034791603684425354 0.0 -0.0 0.0
15.582560539245605 -13.044903755187988 0.034791603684425354 0.0 -0.0 0.0
15.575003623962402 -12.570219993591309 0.034791603684425354 0.0 -0.0 0.0
15.567442893981934 -12.095540046691895 0.034791603684425354 0.0 -0.0 0.0
15.559880256652832 -11.62086009979248 0.034791603684425354 0.0 -0.0 0.0
15.552321434020996 -11.1461763381958 0.034791603684425354 0.0 -0.0 0.0
15.544760704040527 -10.671496391296387 0.034791603684425354 0.0 -0.0 0.0
15.537198066711426 -10.196812629699707 0.034791603684425354 0.0 -0.0 0.0
15.529641151428223 -9.722136497497559 0.034791603684425354 0.0 -0.0 0.0
4.609796524047852 -1.6165287494659424 0.034791603684425354 0.0 -0.0 0.0
5.084480285644531 -1.6089680194854736 0.034791603684425354 0.0 -0.0 0.0
6.306191921234131 -1.7706384658813477 0.034791603684425354 0.0 -0.0 0.0
6.7808756828308105 -1.7630739212036133 0.034791603684425354 0.0 -0.0 0.0
7.255555629730225 -1.7555131912231445 0.034791603684425354 0.0 -0.0 0.0
7.730235576629639 -1.7479562759399414 0.034791603684425354 0.0 -0.0 0.0
8.204919815063477 -1.7403955459594727 0.034791603684425354 0.0 -0.0 0.0
8.679597854614258 -1.732834815979004 0.034791603684425354 0.0 -0.0 0.0
9.14262580871582 -1.7048823833465576 0.034791603684425354 0.0 -0.0 0.0
9.617305755615234 -1.6973216533660889 0.034791603684425354 0.0 -0.0 0.0
10.091989517211914 -1.6897609233856201 0.034791603684425354 0.0 -0.0 0.0
10.566625595092773 -1.6822001934051514 0.034791603684425354 0.0 -0.0 0.0
11.04130744934082 -1.6746394634246826 0.034791603684425354 0.0 -0.0 0.0
10.28841781616211 -1.7940685749053955 0.034791603684425354 0.0 -0.0 0.0
10.763101577758789 -1.7865078449249268 0.034791603684425354 0.0 -0.0 0.0
12.487083435058594 -2.3653831481933594 0.034791603684425354 0.0 -0.0 0.0
12.15392780303955 -2.0271718502044678 0.034791603684425354 0.0 -0.0 0.0
11.820772171020508 -1.6889647245407104 0.034791603684425354 0.0 -0.0 0.0
11.487617492675781 -1.3507575988769531 0.034791603684425354 0.0 -0.0 0.0
12.59634017944336 -7.288288593292236 0.034791603684425354 0.0 -0.0 0.0
12.58877944946289 -6.8136067390441895 0.034791603684425354 0.0 -0.0 0.0
12.581218719482422 -6.338928699493408 0.034791603684425354 0.0 -0.0 0.0
12.573661804199219 -5.864243030548096 0.034791603684425354 0.0 -0.0 0.0
12.566099166870117 -5.38956880569458 0.034791603684425354 0.0 -0.0 0.0
12.558538436889648 -4.914883136749268 0.034791603684425354 0.0 -0.0 0.0
12.55097770690918 -4.440201282501221 0.034791603684425354 0.0 -0.0 0.0
12.543418884277344 -3.965519428253174 0.034791603684425354 0.0 -0.0 0.0
