2.044351100921631 9.392964363098145 0.3314850926399231 1.5707964897155762 -0.0 0.0
3.620959997177124 -3.594633102416992 0.33148518204689026 1.5707964897155762 -0.0 1.5707963705062866
10.716156959533691 -5.26051664352417 0.33148515224456787 1.5707964897155762 -0.0 0.0
12.372690200805664 -9.69948673248291 0.3314850926399231 1.5707964897155762 -0.0 1.5707963705062866
13.855707168579102 -11.252574920654297 0.3314850926399231 1.5707964897155762 -0.0 0.0
12.257682800292969 -35.58066940307617 0.3314850926399231 1.5707964897155762 -0.0 4.714134216308594
-2.838779926300049 9.357525825500488 0.3314850926399231 1.5707964897155762 -0.0 0.0
-1.2706764936447144 -6.505262851715088 0.33148518204689026 1.5707964897155762 -0.0 1.5707963705062866
6.0403733253479 -8.031895637512207 0.33148515224456787 1.5707964897155762 -0.0 0.0
4.415206432342529 -9.690435409545898 0.33148518204689026 1.5707964897155762 -0.0 4.71238899230957
-8.592514038085938 -11.22822093963623 0.33148515224456787 1.5707964897155762 -0.0 0.0
-10.133679389953613 -15.623406410217285 0.33148518204689026 1.5707964897155762 -0.0 4.71238899230957
-25.74357795715332 -17.077465057373047 0.3314850926399231 1.5707964897155762 -0.0 0.0
2.044351100921631 6.497854232788086 0.3314856290817261 1.5707964897155762 -0.0 0.0
2.04435133934021 3.6027426719665527 0.3314861059188843 1.5707964897155762 -0.0 0.0
2.044351100921631 0.7076311111450195 0.3314865827560425 1.5707964897155762 -0.0 0.0
2.044351100921631 -2.187479019165039 0.3314870297908783 1.5707964897155762 -0.0 0.0
6.516071319580078 -3.594632863998413 0.3314856290817261 1.5707964897155762 -0.0 1.5707963705062866
9.41118335723877 -3.594632863998413 0.3314860463142395 1.5707964897155762 -0.0 1.5707963705062866
10.716156959533691 -8.155627250671387 0.33148565888404846 1.5707964897155762 -0.0 0.0
13.855707168579102 -14.147686004638672 0.33148565888404846 1.5707964897155762 -0.0 0.0
13.855707168579102 -17.042795181274414 0.3314861059188843 1.5707964897155762 -0.0 0.0
13.855707168579102 -19.937908172607422 0.3314865529537201 1.5707964897155762 -0.0 0.0
13.855707168579102 -22.833017349243164 0.3314869999885559 1.5707964897155762 -0.0 0.0
13.855707168579102 -25.728130340576172 0.3314874768257141 1.5707964897155762 -0.0 0.0
13.855707168579102 -28.62323570251465 0.3314880132675171 1.5707964897155762 -0.0 0.0
13.855707168579102 -31.518348693847656 0.3314884901046753 1.5707964897155762 -0.0 0.0
13.855707168579102 -34.41345977783203 0.3314889669418335 1.5707964897155762 -0.0 0.0
9.36257553100586 -35.585723876953125 0.33148565888404846 1.5707964897155762 -0.0 4.714134216308594
-2.838779926300049 6.46241569519043 0.3314856290817261 1.5707964897155762 -0.0 0.0
-2.838780164718628 3.5673041343688965 0.3314861059188843 1.5707964897155762 -0.0 0.0
-2.838779926300049 0.6721925735473633 0.3314865827560425 1.5707964897155762 -0.0 0.0
-2.838779926300049 -2.2229185104370117 0.3314870297908783 1.5707964897155762 -0.0 0.0
-2.838779926300049 -5.118027687072754 0.3314875066280365 1.5707964897155762 -0.0 0.0
1.6244349479675293 -6.505262851715088 0.3314856290817261 1.5707964897155762 -0.0 1.5707963705062866
4.5195465087890625 -6.505262851715088 0.3314860463142395 1.5707964897155762 -0.0 1.5707963705062866
1.5200951099395752 -9.690435409545898 0.3314856290817261 1.5707964897155762 -0.0 4.71238899230957
-1.375016689300537 -9.690436363220215 0.3314860463142395 1.5707964897155762 -0.0 4.71238899230957
-4.270127296447754 -9.690436363220215 0.3314865231513977 1.5707964897155762 -0.0 4.71238899230957
-7.1652374267578125 -9.690436363220215 0.3314869701862335 1.5707964897155762 -0.0 4.71238899230957
-8.592514038085938 -14.123332023620605 0.3314856290817261 1.5707964897155762 -0.0 0.0
-13.028791427612305 -15.623406410217285 0.3314856290817261 1.5707964897155762 -0.0 4.71238899230957
-15.92390251159668 -15.623407363891602 0.3314860463142395 1.5707964897155762 -0.0 4.71238899230957
-18.819013595581055 -15.623407363891602 0.3314865231513977 1.5707964897155762 -0.0 4.71238899230957
-21.714122772216797 -15.623407363891602 0.3314869701862335 1.5707964897155762 -0.0 4.71238899230957
-24.609235763549805 -15.623407363891602 0.3314874470233917 1.5707964897155762 -0.0 4.71238899230957
-25.74357795715332 -19.972576141357422 0.3314856290817261 1.5707964897155762 -0.0 0.0
-25.74357795715332 -22.867687225341797 0.3314861059188843 1.5707964897155762 -0.0 0.0
-25.74357795715332 -25.762798309326172 0.3314865827560425 1.5707964897155762 -0.0 0.0
-25.74357795715332 -28.657909393310547 0.3314870297908783 1.5707964897155762 -0.0 0.0
-25.74357795715332 -31.55301856994629 0.3314875066280365 1.5707964897155762 -0.0 0.0
2.044351100921631 18.09335708618164 0.3314850926399231 1.5707964897155762 -0.0 0.0
-2.838779926300049 18.057918548583984 0.3314850926399231 1.5707964897155762 -0.0 0.0
2.044351100921631 15.198246955871582 0.3314856290817261 1.5707964897155762 -0.0 0.0
2.04435133934021 12.30313491821289 0.3314861059188843 1.5707964897155762 -0.0 0.0
-2.838779926300049 15.162808418273926 0.3314856290817261 1.5707964897155762 -0.0 0.0
-2.838780164718628 12.267696380615234 0.3314861059188843 1.5707964897155762 -0.0 0.0
2.044351100921631 26.77494239807129 0.3314850926399231 1.5707964897155762 -0.0 0.0
-2.838779926300049 26.739503860473633 0.3314850926399231 1.5707964897155762 -0.0 0.0
2.044351100921631 23.879831314086914 0.3314856290817261 1.5707964897155762 -0.0 0.0
2.04435133934021 20.98472023010254 0.3314861059188843 1.5707964897155762 -0.0 0.0
-2.838779926300049 23.844392776489258 0.3314856290817261 1.5707964897155762 -0.0 0.0
-2.838780164718628 20.949281692504883 0.3314861059188843 1.5707964897155762 -0.0 0.0
