5.83961820602417 -6.561831951141357 0.6549587845802307 1.5707964897155762 -0.0 0.0
2.2451066970825195 10.863028526306152 0.6549587249755859 1.5707964897155762 -0.0 0.0
2.2451066970825195 7.9679179191589355 0.6549592018127441 1.5707964897155762 -0.0 0.0
2.2451066970825195 5.072807312011719 0.6549596786499023 1.5707964897155762 -0.0 0.0
2.2451066970825195 2.1776962280273438 0.6549601554870605 1.5707964897155762 -0.0 0.0
2.2451066970825195 -0.7174148559570312 0.6549606323242188 1.5707964897155762 -0.0 0.0
2.150895833969116 -3.3938775062561035 0.6549587845802307 1.5707964897155762 -0.0 1.5707963705062866
5.046006679534912 -3.3938775062561035 0.6549592018127441 1.5707964897155762 -0.0 1.5707963705062866
7.941117763519287 -3.3938772678375244 0.6549596786499023 1.5707964897155762 -0.0 1.5707963705062866
10.916912078857422 -3.790452480316162 0.6549587845802307 1.5707964897155762 -0.0 0.0
10.916912078857422 -6.685563087463379 0.6549592614173889 1.5707964897155762 -0.0 0.0
10.902626037597656 -9.49873161315918 0.6549588441848755 1.5707964897155762 -0.0 1.5707963705062866
14.056462287902832 -9.782510757446289 0.6549588441848755 1.5707964897155762 -0.0 0.0
14.056462287902832 -12.677621841430664 0.6549593210220337 1.5707964897155762 -0.0 0.0
14.056462287902832 -15.572732925415039 0.6549597382545471 1.5707964897155762 -0.0 0.0
14.056462287902832 -18.467844009399414 0.6549602150917053 1.5707964897155762 -0.0 0.0
14.056462287902832 -21.36295509338379 0.6549606919288635 1.5707964897155762 -0.0 0.0
14.056462287902832 -24.258066177368164 0.6549611687660217 1.5707964897155762 -0.0 0.0
14.056462287902832 -27.15317726135254 0.654961884021759 1.5707964897155762 -0.0 0.0
14.056462287902832 -30.04828643798828 0.6549623608589172 1.5707964897155762 -0.0 0.0
14.056462287902832 -32.943397521972656 0.6549628376960754 1.5707964897155762 -0.0 0.0
13.728095054626465 -35.77886199951172 0.6549588441848755 1.5707964897155762 -0.0 4.714134216308594
10.832988739013672 -35.783912658691406 0.6549593210220337 1.5707964897155762 -0.0 4.714134216308594
-3.0395355224609375 10.827589988708496 0.6549587249755859 1.5707964897155762 -0.0 0.0
-3.0395355224609375 7.932479381561279 0.6549592018127441 1.5707964897155762 -0.0 0.0
-3.0395355224609375 5.0373687744140625 0.6549596786499023 1.5707964897155762 -0.0 0.0
-3.0395355224609375 2.1422576904296875 0.6549601554870605 1.5707964897155762 -0.0 0.0
-3.0395355224609375 -0.7528533935546875 0.6549606323242188 1.5707964897155762 -0.0 0.0
-3.0395355224609375 -3.647963523864746 0.654961109161377 1.5707964897155762 -0.0 0.0
-2.7407407760620117 -6.706018447875977 0.6549587845802307 1.5707964897155762 -0.0 1.5707963705062866
0.15437018871307373 -6.706018447875977 0.6549592018127441 1.5707964897155762 -0.0 1.5707963705062866
3.049481153488159 -6.706017971038818 0.6549596786499023 1.5707964897155762 -0.0 1.5707963705062866
5.885271072387695 -9.489680290222168 0.6549587845802307 1.5707964897155762 -0.0 4.71238899230957
2.9901599884033203 -9.489680290222168 0.6549592018127441 1.5707964897155762 -0.0 4.71238899230957
0.09504890441894531 -9.489680290222168 0.6549596786499023 1.5707964897155762 -0.0 4.71238899230957
-2.800062656402588 -9.489680290222168 0.6549601554870605 1.5707964897155762 -0.0 4.71238899230957
-5.695173263549805 -9.489680290222168 0.6549606323242188 1.5707964897155762 -0.0 4.71238899230957
-8.793269157409668 -9.758156776428223 0.6549587845802307 1.5707964897155762 -0.0 0.0
-8.793269157409668 -12.653267860412598 0.6549592614173889 1.5707964897155762 -0.0 0.0
-8.663615226745605 -15.422651290893555 0.6549587845802307 1.5707964897155762 -0.0 4.71238899230957
-11.55872631072998 -15.422651290893555 0.6549592018127441 1.5707964897155762 -0.0 4.71238899230957
-14.453837394714355 -15.422651290893555 0.6549596786499023 1.5707964897155762 -0.0 4.71238899230957
-17.348949432373047 -15.422651290893555 0.6549601554870605 1.5707964897155762 -0.0 4.71238899230957
-20.244060516357422 -15.422651290893555 0.6549606323242188 1.5707964897155762 -0.0 4.71238899230957
-23.139169692993164 -15.422651290893555 0.654961109161377 1.5707964897155762 -0.0 4.71238899230957
-25.944332122802734 -15.607400894165039 0.6549587249755859 1.5707964897155762 -0.0 0.0
-25.944332122802734 -18.502511978149414 0.6549592018127441 1.5707964897155762 -0.0 0.0
-25.944332122802734 -21.397621154785156 0.6549596786499023 1.5707964897155762 -0.0 0.0
-25.944332122802734 -24.29273223876953 0.6549601554870605 1.5707964897155762 -0.0 0.0
-25.944332122802734 -27.187843322753906 0.6549606323242188 1.5707964897155762 -0.0 0.0
-25.944332122802734 -30.08295440673828 0.654961109161377 1.5707964897155762 -0.0 0.0
2.2451066970825195 19.56342124938965 0.6549587249755859 1.5707964897155762 -0.0 0.0
2.2451066970825195 16.668310165405273 0.6549592018127441 1.5707964897155762 -0.0 0.0
2.2451066970825195 13.773200035095215 0.6549596786499023 1.5707964897155762 -0.0 0.0
-3.0395355224609375 19.527982711791992 0.6549587249755859 1.5707964897155762 -0.0 0.0
-3.0395355224609375 16.632871627807617 0.6549592018127441 1.5707964897155762 -0.0 0.0
-3.0395355224609375 13.737761497497559 0.6549596786499023 1.5707964897155762 -0.0 0.0
2.2451066970825195 28.245006561279297 0.6549587249755859 1.5707964897155762 -0.0 0.0
2.2451066970825195 25.349895477294922 0.6549592018127441 1.5707964897155762 -0.0 0.0
2.2451066970825195 22.454784393310547 0.6549596786499023 1.5707964897155762 -0.0 0.0
-3.0395355224609375 28.20956802368164 0.6549587249755859 1.5707964897155762 -0.0 0.0
-3.0395355224609375 25.314456939697266 0.6549592018127441 1.5707964897155762 -0.0 0.0
-3.0395355224609375 22.41934585571289 0.6549596786499023 1.5707964897155762 -0.0 0.0
